mjd,mag,magerr
51818.42,21.19253158569336,0.12545731663703918
51875.25,21.472196578979492,0.12219718843698502
52171.41,21.508140563964844,0.13971027731895447
52171.48,21.439071655273438,0.13158202171325684
52173.39,21.505393981933594,0.17526444792747498
52234.32,21.60181427001953,0.19444026052951813
52287.17,21.4890193939209,0.16091035306453705
52288.17,21.60527992248535,0.13524135947227478
52522.47,21.707136154174805,0.15630462765693665
52551.44,21.741092681884766,0.16106592118740082
52552.49,21.550949096679688,0.14421868324279785
52557.46,21.38763999938965,0.12217588722705841
52558.47,21.536067962646484,0.11174807697534561
52578.34,21.43977928161621,0.11386103928089142
52585.31,21.502410888671875,0.11047366261482239
52585.36,21.585439682006836,0.141653910279274
52908.43,22.181005477905273,0.30434349179267883
52910.44,21.27709197998047,0.10980018973350525
52912.41,21.316423416137695,0.14484240114688873
52934.37,21.250741958618164,0.12880225479602814
52935.37,21.61170768737793,0.1361033320426941
52936.36,21.53619956970215,0.13191275298595428
53270.43,21.363149642944336,0.1200256273150444
53272.48,21.29528045654297,0.11623206734657288
53288.4,21.49394416809082,0.15396621823310852
53296.4,21.140647888183594,0.14820045232772827
53298.45,21.440065383911133,0.16548284888267517
53312.35,21.868017196655273,0.3767598867416382
53314.36,21.362001419067383,0.19190505146980286
53616.46,21.587678909301758,0.18957535922527313
53622.47,21.742164611816406,0.1291130930185318
53626.44,21.615032196044922,0.19562004506587982
53627.43,21.648962020874023,0.15378352999687195
53638.46,21.40180206298828,0.1864447295665741
53639.47,21.293981552124023,0.18648985028266907
53640.43,21.925344467163086,0.22232122719287872
53657.47,21.241905212402344,0.15095414221286774
53663.41,21.53000259399414,0.4411354064941406
53663.49,21.614200592041016,0.6370697021484375
53668.4,21.574790954589844,0.3093098998069763
53668.48,22.026165008544922,0.6245139837265015
53669.39,21.43246078491211,0.1972503960132599
53671.47,21.312803268432617,0.1729089915752411
53673.37,21.476152420043945,0.15880462527275085
53674.37,21.961183547973633,0.32698097825050354
53675.37,21.436058044433594,0.1575644612312317
53676.46,21.48994255065918,0.28172335028648376
53679.43,21.556884765625,0.1941949725151062
53680.38,21.157888412475586,0.12201999872922897
53681.42,21.793243408203125,0.19761775434017181
53686.38,21.06103515625,0.19264599680900574
53696.39,21.829050064086914,0.29429009556770325
53697.38,22.383934020996094,0.44578489661216736
53699.4,21.65566635131836,0.26648685336112976
53975.45,21.824939727783203,0.2029532492160797
53989.46,21.633893966674805,0.3800194561481476
53994.47,21.46770668029785,0.1587497591972351
53996.46,20.67464256286621,0.11925677955150604
54008.45,21.486682891845703,0.16585388779640198
54009.41,21.447540283203125,0.12166909128427505
54009.48,21.1982479095459,0.09430305659770966
54010.41,21.6352481842041,0.13500797748565674
54011.47,21.37706756591797,0.12017867714166641
54012.4,21.44635581970215,0.17013190686702728
54020.44,21.672788619995117,0.28472766280174255
54024.49,22.52831268310547,0.4659506380558014
54025.47,21.07502555847168,0.21411722898483276
54028.48,21.692256927490234,0.1661483198404312
54029.48,21.11844825744629,0.17581021785736084
54030.43,21.195032119750977,0.10523386299610138
54035.48,21.241838455200195,0.2041344791650772
54037.38,21.66423225402832,0.14506439864635468
54039.39,21.509992599487305,0.1625640094280243
54040.4,21.344646453857422,0.1141255795955658
54041.36,21.632081985473633,0.2690020799636841
54041.43,21.57787322998047,0.12439052760601044
54047.43,21.06819725036621,0.4114581048488617
54049.43,21.2790584564209,0.3610260486602783
54050.39,21.771242141723633,0.5363923907279968
54052.39,21.401931762695312,0.3223755359649658
54053.4,21.019180297851562,0.18495702743530273
54056.39,21.392614364624023,0.1396484076976776
54058.39,21.583295822143555,0.26576054096221924
54059.39,21.79290199279785,0.24568559229373932
54061.4,21.53609275817871,0.2237846702337265
54062.39,21.800264358520508,0.20429068803787231
54065.38,21.148801803588867,0.17055140435695648
54068.37,21.390077590942383,0.21094530820846558
54348.47,21.854272842407227,0.3770650625228882
54357.43,21.48497772216797,0.1146155372262001
54365.46,21.423410415649414,0.11137770861387253
54376.47,21.110483169555664,0.1325252205133438
54381.48,21.43356704711914,0.19895976781845093
54382.46,21.066646575927734,0.10848219692707062
54385.48,21.324811935424805,0.13258065283298492
54386.47,21.322778701782227,0.14624516665935516
54387.48,21.320119857788086,0.15691357851028442
54391.48,21.64067840576172,0.24734577536582947
54392.47,21.24827766418457,0.13995172083377838
54393.48,21.751619338989258,0.23850323259830475
54394.46,21.32193374633789,0.2540438771247864
54396.34,21.57567596435547,0.5140778422355652
54396.48,21.153043746948242,0.19592006504535675
54402.47,21.09593963623047,0.4586809575557709
54406.38,21.482328414916992,0.1757526844739914
54409.39,21.72466468811035,0.18161453306674957
54411.34,21.55518913269043,0.1714390367269516
54412.41,21.31650733947754,0.18814699351787567
54413.38,21.31180191040039,0.21627986431121826
54415.39,21.38968849182129,0.12668797373771667
54416.38,21.483945846557617,0.15011276304721832
54418.38,21.572385787963867,0.19217239320278168
54421.39,21.254980087280273,0.16297651827335358
54422.39,21.524822235107422,0.21167200803756714
54423.36,21.398303985595703,0.15498504042625427
54424.32,21.295005798339844,0.18609128892421722
