mjd,mag,magerr
51818.41,20.72672462463379,0.06991728395223618
51875.24,20.876182556152344,0.07536985725164413
52171.4,20.271448135375977,0.054976318031549454
52171.47,20.44770050048828,0.051148176193237305
52173.37,20.385520935058594,0.05376283824443817
52224.35,20.24559783935547,0.04555704444646835
52225.32,20.272493362426758,0.04614856466650963
52234.31,20.266376495361328,0.06947176158428192
52261.27,20.240612030029297,0.04551587626338005
52287.15,20.34247398376465,0.050318099558353424
52288.15,20.356897354125977,0.05172739923000336
52522.45,20.36513328552246,0.058680277317762375
52551.43,20.489273071289062,0.05987420678138733
52552.47,20.479814529418945,0.05095725879073143
52557.45,20.44609260559082,0.0562930665910244
52558.46,20.51711082458496,0.05607687681913376
52578.33,20.57500457763672,0.057272836565971375
52585.29,20.597400665283203,0.057799939066171646
52585.35,20.570602416992188,0.05024872347712517
52908.42,20.51930046081543,0.06504348665475845
52910.43,20.52572250366211,0.06792144477367401
52912.4,20.45539665222168,0.060708023607730865
52934.35,20.30746841430664,0.053920868784189224
52935.36,20.310379028320312,0.05392080545425415
52936.35,20.261667251586914,0.049223642796278
52963.28,20.242033004760742,0.04394624009728432
53270.41,20.38541030883789,0.051981519907712936
53272.46,20.404300689697266,0.058468420058488846
53286.43,20.37818717956543,0.06698572635650635
53288.39,20.465200424194336,0.06716495752334595
53294.44,20.355918884277344,0.0567685142159462
53296.38,20.33656120300293,0.06516413390636444
53298.43,20.547508239746094,0.06528958678245544
53302.39,20.31670379638672,0.06561960279941559
53312.34,20.592924118041992,0.1080421507358551
53314.34,20.439857482910156,0.07464951276779175
53616.45,20.536636352539062,0.07127000391483307
53622.46,20.55196189880371,0.052575286477804184
53627.42,20.489147186279297,0.06031724438071251
53635.42,20.250286102294922,0.08684279024600983
53638.45,20.548490524291992,0.11313723027706146
53639.45,20.54859733581543,0.08126592636108398
53640.41,20.675479888916016,0.08161639422178268
53646.48,20.507081985473633,0.06698071211576462
53657.46,20.345853805541992,0.06857544183731079
53663.4,20.147520065307617,0.12084145098924637
53663.48,19.978450775146484,0.14729264378547668
53664.41,21.012935638427734,0.24551184475421906
53665.38,20.14821434020996,0.08657489717006683
53665.48,20.261356353759766,0.13915793597698212
53666.47,20.18072509765625,0.0951605811715126
53668.39,20.30960464477539,0.09747132658958435
53668.47,20.29648780822754,0.11883609741926193
53669.37,20.461341857910156,0.08137422800064087
53669.47,20.075353622436523,0.10790141671895981
53671.46,20.261991500854492,0.06900637596845627
53673.36,20.406497955322266,0.0549243725836277
53674.36,20.177522659301758,0.06868397444486618
53675.36,20.234909057617188,0.06177523732185364
53676.44,20.225133895874023,0.16475380957126617
53676.48,21.413639068603516,0.19801542162895203
53680.36,20.313020706176758,0.05183421075344086
53681.41,20.3693904876709,0.07844125479459763
53683.42,21.091156005859375,0.1087457463145256
53686.36,20.162179946899414,0.09533583372831345
53696.37,20.22702407836914,0.08014553040266037
53697.37,20.254169464111328,0.07036498188972473
53699.39,20.279159545898438,0.06912923604249954
53975.44,20.68077850341797,0.08637205511331558
53989.45,20.389474868774414,0.11677584052085876
53994.46,20.38471031188965,0.0625578984618187
53996.44,19.7080135345459,0.06398442387580872
53997.47,20.320484161376953,0.05034932866692543
54000.42,20.196514129638672,0.06577132642269135
54007.47,20.4730224609375,0.05590113624930382
54009.4,20.292224884033203,0.04659587889909744
54009.47,20.557554244995117,0.05174874886870384
54010.4,20.273338317871094,0.04819447919726372
54011.46,20.259103775024414,0.046026427298784256
54012.39,20.345258712768555,0.09301836043596268
54012.47,20.191776275634766,0.06044883280992508
54020.43,20.153419494628906,0.10119255632162094
54024.48,20.30320167541504,0.09541720151901245
54025.46,19.819076538085938,0.06450935453176498
54028.47,20.44034767150879,0.0735822468996048
54029.47,20.25077247619629,0.070167675614357
54030.42,20.543123245239258,0.06431176513433456
54031.38,20.2685489654541,0.053680047392845154
54035.46,20.326330184936523,0.0704684853553772
54036.38,20.3387393951416,0.06706060469150543
54037.37,20.332937240600586,0.05148335173726082
54039.38,20.2951602935791,0.05411208048462868
54040.38,20.14824676513672,0.04580486938357353
54041.35,20.039737701416016,0.08202381432056427
54041.42,20.444658279418945,0.05655109882354736
54047.42,20.1459903717041,0.185761958360672
54048.4,20.365066528320312,0.12275134772062302
54049.41,20.36606788635254,0.11730758845806122
54050.37,20.366098403930664,0.1293479949235916
54052.38,20.267620086669922,0.09413569420576096
54053.39,20.25346565246582,0.07746322453022003
54055.39,20.291391372680664,0.07786107808351517
54056.38,20.210229873657227,0.07049959152936935
54058.37,20.2891845703125,0.07134178280830383
54059.37,20.235187530517578,0.06573154777288437
54060.39,20.304210662841797,0.09473718702793121
54061.38,20.433382034301758,0.08809493482112885
54062.38,20.40642547607422,0.05662211775779724
54065.37,20.368473052978516,0.06865087896585464
54068.36,20.264076232910156,0.08743587881326675
54346.45,20.646440505981445,0.10765480995178223
54348.46,20.63230323791504,0.07747094333171844
54357.41,20.536367416381836,0.06623747944831848
54362.46,20.5358943939209,0.06423519551753998
54365.45,20.60320472717285,0.05158419534564018
54376.46,20.412830352783203,0.0768909826874733
54381.46,20.62613296508789,0.06940585374832153
54382.44,20.58217430114746,0.07196920365095139
54385.46,20.49980926513672,0.0748538225889206
54386.46,20.433822631835938,0.07527375221252441
54387.46,20.53240394592285,0.08752432465553284
54391.46,20.523157119750977,0.12403108179569244
54392.46,20.53610610961914,0.06756742298603058
54393.47,20.343788146972656,0.08956862986087799
54394.45,21.074665069580078,0.18159794807434082
54396.33,20.738292694091797,0.2500603199005127
54396.47,20.828975677490234,0.1537279486656189
54402.46,20.61000633239746,0.2922612726688385
54403.38,20.30130386352539,0.23437486588954926
54406.37,20.427898406982422,0.06114591285586357
54409.37,20.62934112548828,0.05989324301481247
54411.33,20.45732879638672,0.0779385045170784
54412.39,20.161827087402344,0.09710177034139633
54413.37,20.26357650756836,0.0846351832151413
54415.38,20.350017547607422,0.057822614908218384
54416.37,20.439857482910156,0.05642232671380043
54417.37,20.199722290039062,0.057510554790496826
54418.37,20.306737899780273,0.06923726201057434
54421.37,20.201322555541992,0.0715230256319046
54422.37,20.366151809692383,0.0788002759218216
54423.35,20.500120162963867,0.057937491685152054
54424.31,20.549293518066406,0.08504655957221985
54433.37,20.092697143554688,0.1468261182308197
