mjd,mag,magerr
51818.4,21.451213836669922,0.12031242996454239
51875.23,21.160579681396484,0.09767691791057587
52171.39,21.078899383544922,0.0893607959151268
52171.46,21.4102725982666,0.1033850833773613
52173.36,21.16902732849121,0.11422184109687805
52224.35,21.130563735961914,0.08705301582813263
52225.31,21.155420303344727,0.0941379964351654
52234.3,21.424701690673828,0.1342983841896057
52261.27,21.268056869506836,0.10573563724756241
52287.15,21.39256477355957,0.1163548082113266
52288.14,21.14263343811035,0.09440696239471436
52551.42,21.316957473754883,0.11611717194318771
52552.46,21.251480102539062,0.10334392637014389
52557.44,21.36612319946289,0.11843880265951157
52558.45,21.36305046081543,0.09978010505437851
52578.32,21.498441696166992,0.10215221345424652
52585.29,21.334321975708008,0.11314281076192856
52585.34,21.37276840209961,0.09057281166315079
52908.41,21.12813949584961,0.0970575287938118
52910.42,20.93215560913086,0.10942233353853226
52912.39,21.142332077026367,0.09949153661727905
52934.35,21.11797523498535,0.09235496073961258
52935.35,21.07233238220215,0.08822081983089447
52936.34,21.163881301879883,0.08857700228691101
52963.27,21.06280517578125,0.08330649882555008
53270.41,21.438913345336914,0.10067517310380936
53272.45,21.26156234741211,0.12623311579227448
53286.42,21.523836135864258,0.1676965206861496
53288.38,21.127504348754883,0.08847194910049438
53294.43,21.537126541137695,0.14016230404376984
53298.43,21.310382843017578,0.12185080349445343
53302.38,21.1641788482666,0.15787985920906067
53312.33,21.451494216918945,0.23186782002449036
53314.33,21.49286460876465,0.1818874329328537
53319.32,21.819984436035156,0.2354896515607834
53616.44,21.735530853271484,0.15516218543052673
53627.41,21.391801834106445,0.1343528777360916
53628.4,21.56009292602539,0.1906007081270218
53634.4,21.138338088989258,0.2926693558692932
53635.41,22.00821876525879,0.4096812307834625
53638.44,21.69850730895996,0.20616860687732697
53639.45,21.68562126159668,0.19861480593681335
53640.41,21.755334854125977,0.187550887465477
53641.45,21.329984664916992,0.15590599179267883
53646.47,21.98474884033203,0.18601898849010468
53657.45,21.481775283813477,0.17390979826450348
53663.39,21.41506004333496,0.39661452174186707
53663.47,21.789634704589844,0.7031293511390686
53664.4,21.337753295898438,0.2763720750808716
53665.37,21.152679443359375,0.17664393782615662
53665.47,21.131959915161133,0.259969562292099
53666.46,21.17690086364746,0.22167156636714935
53668.38,21.623502731323242,0.2807973325252533
53668.46,21.39997673034668,0.2989696264266968
53669.36,21.38516616821289,0.18387213349342346
53669.47,21.386812210083008,0.25910666584968567
53671.45,21.574670791625977,0.23575805127620697
53673.35,21.776914596557617,0.14351850748062134
53674.35,21.215173721313477,0.1626872569322586
53675.35,21.49981117248535,0.15739960968494415
53676.44,21.341896057128906,0.16595280170440674
53680.36,21.77298355102539,0.18074147403240204
53681.4,21.636322021484375,0.17161069810390472
53683.42,22.619121551513672,0.3529816269874573
53686.36,21.166826248168945,0.25692105293273926
53693.36,20.72588539123535,0.23305876553058624
53696.37,22.31013298034668,0.4507963955402374
53697.36,21.806596755981445,0.2895042896270752
53699.38,21.434782028198242,0.17623089253902435
53975.43,21.205995559692383,0.17806538939476013
53989.44,20.81691551208496,0.16058826446533203
53994.45,21.319156646728516,0.13506703078746796
53996.44,20.52115821838379,0.14111332595348358
53997.46,21.235692977905273,0.07392198592424393
54000.41,21.20526695251465,0.12488838285207748
54007.46,21.13429832458496,0.10689689964056015
54008.39,21.365638732910156,0.17576810717582703
54009.39,21.019798278808594,0.07631784677505493
54009.46,21.18415641784668,0.10896717011928558
54010.39,20.99986457824707,0.08668077737092972
54011.45,21.098844528198242,0.08100588619709015
54012.38,21.099645614624023,0.14138568937778473
54012.46,21.169551849365234,0.1132703572511673
54025.45,20.755388259887695,0.14647454023361206
54028.46,21.38266372680664,0.16849185526371002
54029.46,21.298274993896484,0.15147972106933594
54030.41,21.418195724487305,0.11335820704698563
54031.37,21.05614471435547,0.09011675417423248
54035.46,20.901552200317383,0.13284076750278473
54036.37,20.993343353271484,0.12724651396274567
54037.36,21.077253341674805,0.07987802475690842
54039.37,21.0583438873291,0.0987589955329895
54040.38,21.141300201416016,0.10071060061454773
54041.34,20.921672821044922,0.16653801500797272
54041.41,21.158693313598633,0.11981797963380814
54047.41,20.64005470275879,0.3349306881427765
54048.39,21.08693504333496,0.23490896821022034
54049.4,21.387706756591797,0.3547229468822479
54050.36,21.16492462158203,0.2820282280445099
54052.37,21.00801658630371,0.18841411173343658
54053.38,21.150678634643555,0.14889530837535858
54055.38,21.514545440673828,0.1932191401720047
54056.37,21.541305541992188,0.15651527047157288
54058.36,21.252832412719727,0.1489645093679428
54059.36,21.287126541137695,0.1569366306066513
54060.39,21.32172203063965,0.22152318060398102
54065.36,21.27328872680664,0.12977345287799835
54068.35,21.647111892700195,0.25754043459892273
54346.44,21.07683563232422,0.1958198994398117
54348.45,21.1944522857666,0.15537682175636292
54362.46,20.947742462158203,0.08715353906154633
54365.44,21.183876037597656,0.08774378895759583
54376.45,21.06952476501465,0.12530651688575745
54381.46,20.911840438842773,0.0916617289185524
54382.44,21.16610336303711,0.12082433700561523
54385.45,21.100116729736328,0.11779049783945084
54386.45,21.041536331176758,0.15150509774684906
54391.46,21.335493087768555,0.26766303181648254
54392.45,21.283466339111328,0.14537280797958374
54393.46,20.789419174194336,0.09675028920173645
54394.44,21.32952880859375,0.29182910919189453
54396.32,21.048816680908203,0.3844705820083618
54402.45,20.732473373413086,0.3237239122390747
54403.37,21.160985946655273,0.23290586471557617
54406.36,21.13275718688965,0.11408066749572754
54409.37,20.946462631225586,0.0812225416302681
54412.39,21.12485694885254,0.15522822737693787
54413.36,21.583955764770508,0.31160596013069153
54415.37,21.206979751586914,0.09838028997182846
54416.36,20.918367385864258,0.08012902736663818
54417.36,21.19783592224121,0.10019087791442871
54418.36,20.980287551879883,0.11731099337339401
54421.37,21.068477630615234,0.1489129364490509
54422.37,21.133697509765625,0.16796891391277313
54423.34,21.01704978942871,0.09619788080453873
54424.3,21.368677139282227,0.20312350988388062
54433.37,20.898950576782227,0.30251437425613403
