mjd,mag,magerr
51818.4,20.214130401611328,0.05377538874745369
51875.23,20.426918029785156,0.055472660809755325
52171.39,20.06533432006836,0.05231812596321106
52171.46,20.350725173950195,0.04682457074522972
52173.37,20.225488662719727,0.06525178253650665
52224.35,20.052305221557617,0.046885035932064056
52225.31,20.224885940551758,0.05264919251203537
52234.3,20.092632293701172,0.0605713315308094
52261.27,20.030414581298828,0.04864732176065445
52287.15,20.137054443359375,0.05378138646483421
52288.15,20.197072982788086,0.0431494414806366
52522.45,20.394649505615234,0.05536375567317009
52551.42,20.332971572875977,0.055174101144075394
52557.44,20.453893661499023,0.06668730080127716
52558.45,20.657957077026367,0.05538446083664894
52578.32,20.34840202331543,0.04985465854406357
52585.29,20.40635871887207,0.05692272260785103
52585.34,20.29402732849121,0.0489015132188797
52908.42,19.97468376159668,0.04741142317652702
52910.42,20.045108795166016,0.05897821485996246
52912.39,20.002626419067383,0.04873819649219513
52934.35,19.912702560424805,0.04811936244368553
52935.35,19.997652053833008,0.044615548104047775
52936.34,19.919633865356445,0.04612245410680771
52963.27,19.95914077758789,0.037112683057785034
53270.41,19.930152893066406,0.04134026914834976
53272.46,19.931987762451172,0.05557410046458244
53286.43,19.762760162353516,0.05019906163215637
53288.38,19.97496223449707,0.04770907014608383
53294.43,19.929561614990234,0.050131697207689285
53296.38,19.957067489624023,0.05326543003320694
53298.43,19.87358856201172,0.04721483960747719
53302.38,19.930891036987305,0.06485678255558014
53312.34,19.97174644470215,0.08093355596065521
53314.34,19.818571090698242,0.05149796977639198
53319.32,19.903884887695312,0.05972671881318092
53616.44,20.158472061157227,0.061848234385252
53622.45,20.310922622680664,0.042808786034584045
53627.41,20.277822494506836,0.05153902620077133
53628.4,20.149337768554688,0.06661553680896759
53634.4,20.2335205078125,0.12122722715139389
53635.41,20.295576095581055,0.10615946352481842
53638.44,20.19974708557129,0.0644880011677742
53639.45,20.16171646118164,0.0667940080165863
53640.41,20.392683029174805,0.06831161677837372
53646.47,20.355329513549805,0.06262049078941345
53657.45,20.561063766479492,0.08510731160640717
53663.39,19.90932846069336,0.11900623887777328
53663.47,20.172746658325195,0.16879336535930634
53664.41,20.77201271057129,0.18897885084152222
53665.37,20.33362579345703,0.10415499657392502
53665.47,20.59165382385254,0.16581681370735168
53668.38,20.061216354370117,0.08901823312044144
53668.46,20.349105834960938,0.1190185695886612
53669.37,20.388742446899414,0.08530577272176743
53669.47,20.327098846435547,0.12619692087173462
53671.45,20.288835525512695,0.08009260147809982
53673.35,20.300256729125977,0.05835951864719391
53674.35,20.51344108581543,0.07090529799461365
53675.35,20.247169494628906,0.06258030235767365
53676.44,20.38413429260254,0.07652748376131058
53680.36,20.23567771911621,0.06092267110943794
53681.4,20.499128341674805,0.07108824700117111
53683.42,21.327890396118164,0.14602091908454895
53686.36,20.306562423706055,0.12883320450782776
53696.37,20.433324813842773,0.0867375060915947
53697.36,20.198514938354492,0.06937913596630096
53699.38,20.214738845825195,0.07357434183359146
53975.43,20.28525733947754,0.07922006398439407
53989.44,20.085712432861328,0.10671836882829666
53994.45,20.092140197753906,0.05841321870684624
53996.44,19.597166061401367,0.06609436124563217
53997.46,20.264780044555664,0.049292322248220444
54000.42,20.104814529418945,0.05994343385100365
54007.47,19.97829246520996,0.061992160975933075
54008.4,20.079418182373047,0.09320233017206192
54009.39,20.08843231201172,0.04525711387395859
54009.46,20.15618896484375,0.05213366821408272
54010.39,20.09348487854004,0.040768664330244064
54011.45,19.933635711669922,0.044158611446619034
54012.38,20.17430877685547,0.06283053755760193
54012.47,20.14689064025879,0.057905253022909164
54020.42,20.023927688598633,0.08470052480697632
54024.47,20.12801170349121,0.07955726981163025
54025.45,19.507198333740234,0.06190686672925949
54028.46,20.266359329223633,0.0562036894261837
54029.46,20.0042781829834,0.05968669056892395
54030.42,20.352380752563477,0.046260684728622437
54031.37,20.04972267150879,0.05241873487830162
54035.46,20.25703239440918,0.0708499550819397
54036.37,19.85893440246582,0.07146915048360825
54037.36,20.031558990478516,0.04388615861535072
54039.37,19.98175048828125,0.05214362591505051
54040.38,20.118703842163086,0.04375578090548515
54041.34,19.89395523071289,0.07618502527475357
54041.41,20.193523406982422,0.04746941477060318
54047.41,19.967269897460938,0.1689894199371338
54048.39,19.82709503173828,0.09348104149103165
54049.41,19.976009368896484,0.09905276447534561
54050.37,19.94353485107422,0.0947163924574852
54052.37,19.995752334594727,0.09041047841310501
54053.39,20.095577239990234,0.06355792284011841
54056.37,20.043455123901367,0.060846373438835144
54058.37,19.992856979370117,0.11248009651899338
54059.37,20.050264358520508,0.0569123849272728
54060.39,19.923128128051758,0.06620670855045319
54061.38,19.7786922454834,0.10288064926862717
54062.37,19.974702835083008,0.04567904770374298
54065.36,19.96122169494629,0.05677270144224167
54068.35,20.25897789001465,0.08275700360536575
54346.45,19.896074295043945,0.07041003555059433
54348.45,19.945064544677734,0.06049687787890434
54357.41,19.811996459960938,0.03961559757590294
54362.46,19.757247924804688,0.04395802691578865
54365.44,19.901540756225586,0.03930997475981712
54376.45,19.862701416015625,0.05006032809615135
54381.46,19.683732986450195,0.052705757319927216
54382.44,19.755062103271484,0.04524238407611847
54385.46,19.794902801513672,0.03910946100950241
54386.45,19.76884651184082,0.04838430881500244
54387.46,19.67824935913086,0.07027443498373032
54391.46,19.698688507080078,0.0578480139374733
54392.45,19.690336227416992,0.047859713435173035
54393.46,19.67708969116211,0.04877867177128792
54394.44,20.10162925720215,0.08560815453529358
54396.32,19.7119197845459,0.14706557989120483
54396.46,19.669845581054688,0.059195101261138916
54402.45,19.71097755432129,0.11692920327186584
54406.36,19.85023307800293,0.04749380424618721
54409.37,19.929906845092773,0.04944532364606857
54411.32,19.793201446533203,0.04658033698797226
54412.39,19.76869010925293,0.05999283120036125
54413.36,19.667800903320312,0.066720150411129
54415.38,19.71294403076172,0.03577923774719238
54416.36,19.693002700805664,0.04113489016890526
54417.37,19.744373321533203,0.04232031852006912
54418.36,19.788463592529297,0.0512361042201519
54421.37,19.84848976135254,0.05966908112168312
54422.37,19.775487899780273,0.0588872991502285
54423.34,19.7526912689209,0.044875793159008026
54424.3,19.659502029418945,0.047377344220876694
