mjd,mag,magerr
51818.39,22.086334228515625,0.20249603688716888
51875.22,22.046133041381836,0.1954505890607834
52171.38,21.845111846923828,0.17032590508460999
52173.35,21.778230667114258,0.19209010899066925
52224.33,21.825124740600586,0.14540965855121613
52225.3,21.759761810302734,0.14805200695991516
52234.29,22.105318069458008,0.2617003917694092
52261.25,21.691450119018555,0.1406407505273819
52287.13,22.089313507080078,0.21797682344913483
52288.13,21.882543563842773,0.18388327956199646
52522.44,22.1185302734375,0.23610883951187134
52551.41,22.3015193939209,0.2845883071422577
52558.44,22.039535522460938,0.17645606398582458
52578.31,22.347637176513672,0.2551131248474121
52585.27,22.42513656616211,0.25161683559417725
52908.4,22.126123428344727,0.2069168984889984
52934.33,22.17882537841797,0.24876241385936737
52935.34,22.38939666748047,0.27880915999412537
52936.33,22.301849365234375,0.20346307754516602
52963.26,22.097007751464844,0.16753211617469788
53270.39,22.33066177368164,0.20468589663505554
53272.44,21.857986450195312,0.17634859681129456
53288.37,22.089406967163086,0.2087700366973877
53296.37,21.803857803344727,0.21440427005290985
53298.42,21.716609954833984,0.14825226366519928
53312.32,22.11848258972168,0.5225594639778137
53319.31,21.914958953857422,0.2543168067932129
53351.18,22.169164657592773,0.2818569242954254
53616.43,21.625864028930664,0.15817981958389282
53622.44,21.833370208740234,0.1386253982782364
53627.4,21.764476776123047,0.16061286628246307
53634.39,22.17871856689453,0.6406728029251099
53635.4,21.697904586791992,0.3252123296260834
53638.43,21.778705596923828,0.224124476313591
53639.44,21.731603622436523,0.18724776804447174
53640.4,22.18874740600586,0.27375611662864685
53646.46,23.194143295288086,0.5515579581260681
53663.46,22.139873504638672,0.8837690949440002
53664.39,22.05075454711914,0.4843253493309021
53665.46,22.10453224182129,0.5903438925743103
53666.45,21.951269149780273,0.4175913631916046
53668.37,22.734210968017578,0.7647188305854797
53669.35,21.682153701782227,0.2334173023700714
53669.46,21.270347595214844,0.21018864214420319
53670.37,22.200029373168945,0.3136383295059204
53670.45,22.503021240234375,0.5965464115142822
53671.44,21.992406845092773,0.28115910291671753
53673.34,21.75433349609375,0.14689695835113525
53674.34,22.003196716308594,0.28012633323669434
53675.34,21.93319320678711,0.18963858485221863
53676.43,22.124267578125,0.350838303565979
53677.36,21.863431930541992,0.15255746245384216
53679.4,21.748929977416992,0.21640798449516296
53681.39,21.932483673095703,0.20673729479312897
53686.34,21.205291748046875,0.266594260931015
53697.35,21.990711212158203,0.3098658621311188
53700.34,21.5324764251709,0.16694551706314087
53705.33,21.730710983276367,0.2472236007452011
53975.42,21.451030731201172,0.1599246710538864
53989.43,21.32794761657715,0.2862228453159332
53994.44,21.6717586517334,0.18336032330989838
53996.42,21.010129928588867,0.1480856090784073
53997.45,22.132736206054688,0.15511149168014526
54007.45,21.630897521972656,0.15606646239757538
54008.38,22.02617073059082,0.295049250125885
54009.45,21.411638259887695,0.11767224967479706
54010.38,21.453655242919922,0.1016736775636673
54011.44,21.437824249267578,0.1050788015127182
54012.37,21.94032859802246,0.28542032837867737
54012.45,21.78451919555664,0.17996372282505035
54020.41,21.600664138793945,0.3345267176628113
54024.46,21.880611419677734,0.32378312945365906
54025.44,20.924564361572266,0.19158779084682465
54028.45,21.329660415649414,0.17275609076023102
54029.45,21.318845748901367,0.12644697725772858
54030.4,21.790607452392578,0.12476333230733871
54031.36,21.732280731201172,0.14519669115543365
54035.45,21.16891860961914,0.16879630088806152
54036.36,21.623779296875,0.1958758533000946
54037.35,21.874170303344727,0.1656453013420105
54039.36,21.600435256958008,0.14362776279449463
54040.37,21.752742767333984,0.16531552374362946
54041.33,21.639055252075195,0.31981056928634644
54041.4,21.50262451171875,0.1915852576494217
54048.38,21.684412002563477,0.3599165976047516
54049.39,21.660037994384766,0.4255349338054657
54050.35,21.30989646911621,0.33535128831863403
54052.36,21.573631286621094,0.33832409977912903
54053.37,21.54928207397461,0.1852876842021942
54055.37,22.044450759887695,0.2828339636325836
54056.36,21.519472122192383,0.16371743381023407
54058.35,21.51438331604004,0.20731523633003235
54059.35,21.64570426940918,0.21848013997077942
54060.37,21.67620849609375,0.2017030417919159
54061.36,21.460979461669922,0.3339426517486572
54062.36,21.563823699951172,0.16846297681331635
54068.34,22.0565185546875,0.4250594973564148
54348.44,21.5762939453125,0.2039191871881485
54357.4,21.507890701293945,0.11658932268619537
54362.45,21.332477569580078,0.10996568948030472
54376.44,21.248687744140625,0.13772326707839966
54382.43,21.5457706451416,0.16954489052295685
54384.45,21.50922393798828,0.2786043882369995
54385.44,21.660762786865234,0.17447811365127563
54386.44,21.409399032592773,0.1346350610256195
54387.44,21.418739318847656,0.21486279368400574
54391.44,21.428247451782227,0.3164462745189667
54392.44,21.336095809936523,0.13927508890628815
54393.45,21.16765785217285,0.13519462943077087
54394.43,21.38383674621582,0.23871254920959473
54396.31,20.779878616333008,0.3107270300388336
54396.45,21.100025177001953,0.2051827311515808
54403.36,21.76972770690918,0.46508872509002686
54406.35,21.229114532470703,0.11209642887115479
54409.35,21.263334274291992,0.10415200889110565
54412.38,21.4467716217041,0.166901633143425
54413.35,21.685876846313477,0.316845566034317
54415.36,21.37474822998047,0.11411101371049881
54416.35,21.412139892578125,0.11954428255558014
54417.35,21.421781539916992,0.12237098067998886
54418.35,21.423267364501953,0.1619599461555481
54421.35,21.530317306518555,0.19199144840240479
54422.35,21.62049102783203,0.2653632164001465
54423.33,21.48382568359375,0.14955464005470276
54424.29,21.422250747680664,0.210240438580513
54433.35,21.13945770263672,0.4355243146419525
