mjd,mag,magerr
51818.39,21.532865524291992,0.15119384229183197
51875.22,21.15265464782715,0.1122586578130722
52171.38,21.08697509765625,0.1192239299416542
52173.35,21.142074584960938,0.13422565162181854
52224.33,21.38580894470215,0.12409946322441101
52225.3,21.254684448242188,0.1156323105096817
52234.29,21.181013107299805,0.146337628364563
52261.25,21.356048583984375,0.12041951715946198
52287.13,21.444284439086914,0.14520449936389923
52288.13,21.478195190429688,0.1610785722732544
52522.44,21.531755447387695,0.17374728620052338
52551.41,21.52616310119629,0.15345826745033264
52552.45,21.295387268066406,0.12512877583503723
52557.43,21.532800674438477,0.14096669852733612
52558.44,21.537397384643555,0.14108479022979736
52578.31,21.448707580566406,0.1444004774093628
52585.27,21.46366310119629,0.13094113767147064
52908.4,21.544235229492188,0.15698958933353424
52912.38,21.656349182128906,0.1742577701807022
52934.33,21.479642868041992,0.16789598762989044
52935.34,21.66163444519043,0.18775635957717896
52936.33,21.629541397094727,0.15071633458137512
52963.26,21.9949893951416,0.18538017570972443
53270.39,21.032079696655273,0.10686807334423065
53272.44,21.284095764160156,0.12650921940803528
53286.41,21.344955444335938,0.17386528849601746
53288.37,21.469497680664062,0.15323390066623688
53294.42,22.346792221069336,0.38152801990509033
53296.37,21.147544860839844,0.14358264207839966
53298.42,21.301597595214844,0.12399523705244064
53302.37,21.225698471069336,0.16364575922489166
53312.32,21.966720581054688,0.4658759832382202
53314.32,21.36703109741211,0.20102916657924652
53319.31,21.222803115844727,0.1675436794757843
53351.18,21.496700286865234,0.18771594762802124
53616.43,21.790767669677734,0.2095859944820404
53622.44,21.561098098754883,0.13394981622695923
53627.4,21.467500686645508,0.1492004245519638
53628.39,21.44435691833496,0.22194121778011322
53635.4,21.666223526000977,0.3763870298862457
53638.43,21.471830368041992,0.19325506687164307
53639.44,21.71027183532715,0.2283611297607422
53640.4,21.548080444335938,0.187686026096344
53641.43,21.761369705200195,0.25827306509017944
53646.46,21.79788589477539,0.2125929743051529
53663.38,21.445266723632812,0.38640913367271423
53663.46,21.623123168945312,0.6003872156143188
53664.39,21.736093521118164,0.43570801615715027
53665.36,22.060819625854492,0.4399491846561432
53665.46,21.497037887573242,0.41809356212615967
53666.45,21.136934280395508,0.25742650032043457
53668.37,21.690109252929688,0.34079185128211975
53668.45,21.281755447387695,0.36276301741600037
53669.35,21.44296646118164,0.2123614251613617
53670.37,21.63301658630371,0.22700786590576172
53670.45,21.62104606628418,0.3247423768043518
53671.44,21.362876892089844,0.2252180278301239
53673.34,21.76571273803711,0.17666256427764893
53674.34,21.548227310180664,0.23007330298423767
53675.34,21.339385986328125,0.13797853887081146
53676.43,21.122892379760742,0.17706741392612457
53677.36,21.437978744506836,0.133866086602211
53679.4,21.3756046295166,0.18450775742530823
53680.35,21.68688201904297,0.1773786097764969
53681.39,21.78165626525879,0.208724707365036
53683.4,22.180814743041992,0.3333122730255127
53686.34,21.501712799072266,0.3899071216583252
53697.35,21.167449951171875,0.18237324059009552
53699.37,21.47830581665039,0.19876481592655182
53700.34,21.322280883789062,0.16823047399520874
53705.33,21.382143020629883,0.22736744582653046
53975.42,21.295246124267578,0.16010667383670807
53989.43,21.728445053100586,0.40584272146224976
53994.44,21.150358200073242,0.14347395300865173
53996.42,20.739675521850586,0.12846039235591888
53997.45,21.615877151489258,0.12563779950141907
54000.4,21.128337860107422,0.18628443777561188
54007.45,21.339723587036133,0.13923506438732147
54008.38,21.35944938659668,0.21180467307567596
54009.38,21.38275909423828,0.11792208254337311
54009.45,21.433483123779297,0.12293431907892227
54011.44,21.19466781616211,0.10457537323236465
54012.37,20.864913940429688,0.13852716982364655
54012.45,21.29927635192871,0.13772335648536682
54020.41,21.235897064208984,0.271211713552475
54024.46,21.05675506591797,0.2230038344860077
54025.44,20.69399642944336,0.1699730008840561
54028.45,21.037946701049805,0.1605878472328186
54029.45,21.174041748046875,0.17569468915462494
54030.4,21.223745346069336,0.12111619859933853
54031.36,21.451602935791016,0.1346166878938675
54035.45,21.17071533203125,0.2128773033618927
54036.36,21.381750106811523,0.21195507049560547
54037.35,21.117694854736328,0.11007814109325409
54039.36,21.258474349975586,0.1334233582019806
54040.37,20.941560745239258,0.11828585714101791
54041.33,21.348722457885742,0.2583072781562805
54041.4,21.315839767456055,0.19700413942337036
54048.38,21.057235717773438,0.2949886620044708
54049.39,20.74097442626953,0.21249018609523773
54050.35,21.165050506591797,0.3398757874965668
54052.36,21.09956169128418,0.24073441326618195
54053.37,21.048221588134766,0.13946621119976044
54055.37,21.19439125061035,0.17348125576972961
54056.36,21.020275115966797,0.13075998425483704
54059.35,21.24810218811035,0.199140265583992
54060.38,21.1182804107666,0.15448042750358582
54061.36,21.189556121826172,0.28832700848579407
54062.36,21.173091888427734,0.14330138266086578
54068.34,21.106094360351562,0.23778487741947174
54346.43,20.814117431640625,0.1711297184228897
54348.44,21.622358322143555,0.23036812245845795
54357.4,21.119449615478516,0.1021203026175499
54362.45,21.045896530151367,0.10343316197395325
54365.43,21.162872314453125,0.1154194176197052
54376.44,21.311655044555664,0.16733099520206451
54381.45,21.24295997619629,0.13797394931316376
54382.43,21.43588638305664,0.19931067526340485
54384.45,21.171707153320312,0.21652649343013763
54385.44,21.21225929260254,0.1487063765525818
54386.44,21.6968936920166,0.19334495067596436
54387.44,21.677021026611328,0.3252200782299042
54394.43,21.263032913208008,0.24784372746944427
54396.45,21.481290817260742,0.34816277027130127
54402.44,20.663286209106445,0.30966436862945557
54403.36,21.64106559753418,0.42279288172721863
54404.41,21.8314151763916,0.3900305926799774
54406.35,21.566680908203125,0.16521410644054413
54409.35,21.40660285949707,0.11584757268428802
54411.31,21.355792999267578,0.12967434525489807
54412.38,21.186080932617188,0.17971760034561157
54413.35,21.945045471191406,0.5189403891563416
54415.36,21.471323013305664,0.17023345828056335
54416.35,21.479015350341797,0.13823603093624115
54417.35,21.377355575561523,0.15786631405353546
54418.35,21.29697608947754,0.18358930945396423
54421.35,21.133819580078125,0.16528718173503876
54422.35,20.942386627197266,0.17407386004924774
54423.33,21.496232986450195,0.1826632171869278
54424.29,21.18569564819336,0.19485881924629211
