mjd,mag,magerr
51818.38,22.441444396972656,0.24315404891967773
51875.21,22.448631286621094,0.29171523451805115
52171.37,22.586383819580078,0.2744058072566986
52173.35,22.401514053344727,0.29827189445495605
52224.33,22.147567749023438,0.19136223196983337
52225.29,22.44811248779297,0.2677461802959442
52234.29,22.51263999938965,0.371047705411911
52261.25,22.247211456298828,0.21522071957588196
52287.13,22.35109519958496,0.19815218448638916
52288.13,23.17070960998535,0.49450793862342834
52522.43,22.507299423217773,0.27356967329978943
52551.4,22.47884178161621,0.28447994589805603
52552.45,22.201488494873047,0.2215067744255066
52557.42,22.20679473876953,0.20533885061740875
52558.44,22.31472396850586,0.20409873127937317
52578.31,22.29496192932129,0.214350625872612
52585.27,22.213802337646484,0.17262576520442963
52908.4,22.077970504760742,0.19523756206035614
52935.33,22.101322174072266,0.219914510846138
52936.33,21.99749183654785,0.15718552470207214
52963.26,21.982343673706055,0.13934575021266937
53270.39,22.551870346069336,0.2598421275615692
53272.44,22.783159255981445,0.4362959563732147
53286.41,22.623350143432617,0.41528013348579407
53288.37,22.37339210510254,0.24994581937789917
53298.41,22.30514144897461,0.2756126821041107
53302.36,22.42780876159668,0.4188081920146942
53312.32,22.18816566467285,0.5070903897285461
53314.32,22.09493637084961,0.2918030619621277
53351.18,22.29144287109375,0.28194868564605713
53622.44,22.679176330566406,0.2528626024723053
53627.39,22.480148315429688,0.25753435492515564
53628.38,22.170265197753906,0.3846937417984009
53638.43,22.74724769592285,0.43235889077186584
53639.43,22.8874568939209,0.4901009798049927
53640.39,22.550508499145508,0.320696622133255
53641.43,22.172725677490234,0.28728994727134705
53665.35,21.996946334838867,0.35822635889053345
53665.45,22.394033432006836,0.6927030682563782
53670.37,22.900714874267578,0.5570635199546814
53670.45,22.754310607910156,0.628365159034729
53673.34,22.967845916748047,0.40424221754074097
53674.33,23.300281524658203,0.700004518032074
53675.33,22.689462661743164,0.3605300188064575
53676.42,22.66963005065918,0.6383562684059143
53677.35,22.78346061706543,0.2933909595012665
53679.39,23.012210845947266,0.6455667018890381
53680.34,22.451114654541016,0.24316103756427765
53681.38,22.983423233032227,0.42599213123321533
53683.4,23.723482131958008,0.7737129330635071
53697.34,23.182313919067383,0.8091835975646973
53699.36,22.722211837768555,0.4545609652996063
53700.34,22.77175521850586,0.4833084046840668
53705.33,22.067995071411133,0.2742612659931183
53975.41,22.694683074951172,0.37997546792030334
53989.42,22.198482513427734,0.4628030061721802
53994.44,21.724336624145508,0.1971120983362198
53996.42,21.95254135131836,0.32815125584602356
53997.45,22.65316390991211,0.26719188690185547
54007.45,22.313508987426758,0.28055909276008606
54008.38,22.593704223632812,0.28726327419281006
54009.37,22.324567794799805,0.1816920042037964
54009.45,22.630949020385742,0.30652785301208496
54011.44,22.6434326171875,0.2108842134475708
54012.37,22.106632232666016,0.31652122735977173
54012.45,23.114015579223633,0.588636040687561
54020.4,22.719722747802734,0.7591137290000916
54024.45,21.941967010498047,0.32529813051223755
54025.43,22.083982467651367,0.603090226650238
54028.44,22.08037567138672,0.2099466621875763
54029.45,22.187589645385742,0.34563666582107544
54030.4,22.255535125732422,0.20690351724624634
54031.35,22.798078536987305,0.2624741494655609
54037.35,21.90394401550293,0.15189148485660553
54039.36,22.555795669555664,0.26856136322021484
54040.36,22.180803298950195,0.25738757848739624
54041.4,22.826217651367188,0.5331520438194275
54048.38,21.86717987060547,0.48062124848365784
54053.37,22.692943572998047,0.4458152949810028
54055.37,22.885473251342773,0.5801111459732056
54056.35,22.310251235961914,0.3181893825531006
54058.35,22.297719955444336,0.40415239334106445
54059.35,21.760278701782227,0.20986567437648773
54060.37,22.415082931518555,0.5031356811523438
54061.36,22.701080322265625,0.840124785900116
54062.35,22.547937393188477,0.31488922238349915
54348.43,22.7188777923584,0.39772701263427734
54357.39,22.12012481689453,0.16793397068977356
54362.44,21.46715545654297,0.12738537788391113
54376.44,22.030048370361328,0.27075204253196716
54381.44,21.873615264892578,0.16912339627742767
54382.42,23.010412216186523,0.5703558921813965
54384.45,22.01441192626953,0.2722811996936798
54385.44,21.65711784362793,0.1694294959306717
54386.43,22.00845718383789,0.18411140143871307
54387.44,21.77920913696289,0.3280389606952667
54392.44,22.7080020904541,0.420971542596817
54393.44,22.073497772216797,0.3122844398021698
54394.42,21.528759002685547,0.25800439715385437
54406.35,21.77056121826172,0.18720920383930206
54409.35,21.822101593017578,0.13970288634300232
54411.3,22.265710830688477,0.21356628835201263
54415.36,21.564327239990234,0.12799090147018433
54418.35,21.409374237060547,0.18869799375534058
54423.33,21.736286163330078,0.203531876206398
54424.29,21.953535079956055,0.3389922082424164
54433.35,21.600162506103516,0.6075271964073181
