mjd,mag,magerr
51818.38,22.513328552246094,0.30960848927497864
52171.37,22.551860809326172,0.33693090081214905
52173.35,22.699934005737305,0.45513731241226196
52224.33,22.36775779724121,0.2630594074726105
52225.29,22.388427734375,0.29487675428390503
52234.29,22.209321975708008,0.3168245553970337
52287.13,22.474864959716797,0.27796241641044617
52288.13,22.50837516784668,0.3387189209461212
52551.4,23.337820053100586,0.6926991939544678
52552.45,22.685352325439453,0.38508620858192444
52558.44,22.50699806213379,0.2960624694824219
52578.31,22.66086769104004,0.3533574044704437
52585.27,22.463911056518555,0.2676245868206024
52908.4,23.80499267578125,0.9029780030250549
52912.38,22.619882583618164,0.4380470812320709
52934.33,22.05756378173828,0.24683481454849243
52935.33,22.585466384887695,0.4238925278186798
52936.33,22.46763801574707,0.2580728232860565
52963.26,23.059741973876953,0.41890791058540344
53270.39,22.70480728149414,0.34256622195243835
53272.44,21.708694458007812,0.18766047060489655
53286.41,23.286081314086914,0.8379210829734802
53288.37,23.125301361083984,0.4548720121383667
53296.36,21.898300170898438,0.2854474186897278
53298.41,23.18939208984375,0.6955882906913757
53622.44,22.861970901489258,0.38757747411727905
53627.39,23.007856369018555,0.47450143098831177
53638.43,22.71845817565918,0.48884424567222595
53639.43,22.804828643798828,0.5613701939582825
53640.39,22.75408172607422,0.5007016062736511
53641.43,23.420995712280273,0.9181607961654663
53664.39,22.715059280395508,0.863858699798584
53665.45,22.24323844909668,0.677839994430542
53668.36,22.426410675048828,0.6137720942497253
53668.44,21.694955825805664,0.46404868364334106
53670.37,23.186325073242188,0.8430047035217285
53670.45,22.852886199951172,0.7520543336868286
53671.43,22.422832489013672,0.458728164434433
53673.34,22.63662338256836,0.34041035175323486
53675.33,22.56169891357422,0.40715309977531433
53676.42,22.49705696105957,0.5906040072441101
53679.39,22.665618896484375,0.5796573758125305
53680.34,22.094934463500977,0.21473826467990875
53697.34,23.011505126953125,0.8106323480606079
53699.36,21.609596252441406,0.2069501280784607
53700.34,23.10887908935547,0.7743946313858032
53975.41,22.182186126708984,0.3125632107257843
53994.44,22.855091094970703,0.5546738505363464
53996.42,22.53532600402832,0.4359516501426697
53997.45,22.590431213378906,0.31402263045310974
54007.45,23.35075569152832,0.9008339643478394
54008.38,22.70855140686035,0.4727104902267456
54009.37,22.20494842529297,0.20610257983207703
54009.45,22.76087760925293,0.4105028510093689
54011.44,22.956472396850586,0.40851646661758423
54012.37,23.35008430480957,0.9764341115951538
54012.45,22.742355346679688,0.5231733918190002
54020.4,21.668081283569336,0.36296945810317993
54024.45,22.243310928344727,0.5529923439025879
54025.43,22.28961753845215,0.5274395942687988
54028.44,22.989269256591797,0.6966421604156494
54029.44,23.23146629333496,0.8593462109565735
54030.4,23.119415283203125,0.5715174078941345
54031.35,22.69036865234375,0.34754160046577454
54035.44,22.787960052490234,0.7836839556694031
54036.36,22.25152587890625,0.449298232793808
54037.35,22.784854888916016,0.4107726514339447
54039.36,23.091535568237305,0.5741008520126343
54040.36,22.67344093322754,0.44807887077331543
54041.4,22.65093994140625,0.6521458029747009
54052.35,21.8585205078125,0.4382442831993103
54055.37,22.049720764160156,0.38551321625709534
54056.35,22.579242706298828,0.5462623238563538
54061.36,21.635021209716797,0.38258591294288635
54062.35,22.5908260345459,0.4483204483985901
54346.43,22.026535034179688,0.47026559710502625
54348.43,22.67603874206543,0.5851882100105286
54357.39,22.435096740722656,0.312345951795578
54362.44,22.0721492767334,0.20715948939323425
54365.42,22.61972999572754,0.3110405206680298
54376.44,23.117273330688477,0.7444592714309692
54381.44,22.74187660217285,0.40848928689956665
54382.42,22.708532333374023,0.6164019107818604
54384.45,22.57668685913086,0.5802429914474487
54385.44,23.111665725708008,0.6305363178253174
54386.43,22.85328483581543,0.49259790778160095
54387.44,22.715129852294922,0.9513813257217407
54393.44,22.621633529663086,0.5885003805160522
54394.42,21.822952270507812,0.38688674569129944
54406.35,22.525156021118164,0.37783172726631165
54409.35,22.659006118774414,0.32900652289390564
54411.3,22.817081451416016,0.3986334502696991
54412.37,22.206289291381836,0.28664278984069824
54415.36,22.534873962402344,0.32245561480522156
54416.34,22.444921493530273,0.30712464451789856
54417.35,22.549928665161133,0.40433672070503235
54418.35,22.389101028442383,0.46505942940711975
54421.35,21.947168350219727,0.3343973755836487
54423.33,22.559141159057617,0.465312123298645
54424.29,22.082611083984375,0.42406898736953735
