mjd,mag,magerr
51818.38,22.341468811035156,0.2889828085899353
51875.21,22.24701499938965,0.29631996154785156
52170.43,22.270145416259766,0.33890509605407715
52171.37,21.754161834716797,0.1852152794599533
52173.35,22.088817596435547,0.28315895795822144
52224.33,21.69272804260254,0.16357173025608063
52225.29,21.9352970123291,0.21221700310707092
52234.28,22.523473739624023,0.4650305509567261
52261.25,22.099430084228516,0.24313095211982727
52287.13,21.810348510742188,0.17799367010593414
52288.13,21.872724533081055,0.21689924597740173
52522.43,21.821237564086914,0.22714678943157196
52552.45,21.892736434936523,0.2544964849948883
52557.42,21.983154296875,0.22193580865859985
52558.43,21.903900146484375,0.19031985104084015
52578.31,22.023900985717773,0.23021399974822998
52585.27,21.693994522094727,0.16074669361114502
52908.4,21.342376708984375,0.14073337614536285
52934.33,21.687129974365234,0.19293995201587677
52935.33,21.466014862060547,0.17762939631938934
52936.32,21.618629455566406,0.14730747044086456
52963.26,21.522796630859375,0.12170323729515076
53270.39,21.270469665527344,0.11497756838798523
53272.44,21.496339797973633,0.17315156757831573
53286.41,21.44851303100586,0.18901431560516357
53288.36,21.500322341918945,0.14024628698825836
53298.41,21.483224868774414,0.17904798686504364
53302.36,21.59508514404297,0.22818660736083984
53312.32,21.19953155517578,0.23744365572929382
53314.32,21.426401138305664,0.201180562376976
53351.18,21.5044002532959,0.16348084807395935
53622.43,22.01312828063965,0.1994452029466629
53627.39,22.06719398498535,0.24736392498016357
53628.38,21.970489501953125,0.3908432424068451
53635.39,21.36245346069336,0.2559851408004761
53638.43,22.438255310058594,0.4380488097667694
53639.43,22.199140548706055,0.3699352741241455
53640.39,21.80038833618164,0.23515619337558746
53641.43,21.656335830688477,0.22974328696727753
53646.45,22.30514907836914,0.38673579692840576
53655.36,21.905969619750977,0.21871791779994965
53663.37,21.721731185913086,0.4850504994392395
53664.39,22.061416625976562,0.54331374168396
53665.35,22.005250930786133,0.4303850829601288
53665.45,21.775569915771484,0.5021845102310181
53666.44,21.597503662109375,0.359155535697937
53668.36,21.88750457763672,0.4149644076824188
53668.44,21.115962982177734,0.2974269688129425
53669.45,21.812576293945312,0.4429403841495514
53670.37,21.733369827270508,0.26072853803634644
53670.45,22.90937614440918,0.9250516891479492
53671.43,22.26645278930664,0.44585174322128296
53673.33,21.885555267333984,0.19652248919010162
53674.33,21.863304138183594,0.26701462268829346
53675.33,21.70677375793457,0.19316405057907104
53676.42,21.454994201660156,0.22319252789020538
53677.35,21.690298080444336,0.1620388925075531
53679.39,22.00672149658203,0.36943140625953674
53680.34,22.19251823425293,0.242006316781044
53683.4,22.2541561126709,0.3242059350013733
53686.34,21.164968490600586,0.32418209314346313
53697.34,21.619216918945312,0.2546530067920685
53699.36,21.91417121887207,0.30844756960868835
53700.34,22.014684677124023,0.33061444759368896
53705.33,21.619815826416016,0.24485284090042114
53975.41,21.724058151245117,0.21739690005779266
53989.42,21.797828674316406,0.451911062002182
53994.43,21.54268455505371,0.20778894424438477
53996.42,21.322063446044922,0.18989673256874084
53997.44,21.824878692626953,0.14894044399261475
54000.4,21.739099502563477,0.2018207162618637
54008.38,21.648761749267578,0.2016085833311081
54009.37,21.803096771240234,0.15440167486667633
54009.44,21.907617568969727,0.19322673976421356
54010.37,21.898353576660156,0.17572973668575287
54011.43,22.053146362304688,0.2063198834657669
54012.36,22.92123794555664,0.8969823122024536
54012.45,22.077192306518555,0.2872749865055084
54020.4,21.986295700073242,0.4942259192466736
54024.45,21.93605613708496,0.38637953996658325
54025.43,21.16201400756836,0.2366320788860321
54028.44,21.9571475982666,0.3249790370464325
54030.4,21.64009666442871,0.18287688493728638
54031.35,22.078699111938477,0.24235549569129944
54036.36,21.53460693359375,0.2524690330028534
54037.35,21.648677825927734,0.16110177338123322
54039.35,21.518009185791016,0.1520199328660965
54040.36,22.10984992980957,0.2996423542499542
54041.32,21.465055465698242,0.31172841787338257
54041.4,21.884546279907227,0.4155140817165375
54048.38,21.56407928466797,0.4273137152194977
54049.39,21.422653198242188,0.42628970742225647
54052.35,21.701467514038086,0.4172747731208801
54053.37,21.724088668823242,0.26565855741500854
54056.35,21.610511779785156,0.24966734647750854
54058.35,22.323102951049805,0.49908268451690674
54060.37,21.723249435424805,0.4423639476299286
54062.35,21.59423065185547,0.20942434668540955
54068.33,21.60848617553711,0.3718792498111725
54348.43,21.529565811157227,0.21916645765304565
54357.39,21.486547470092773,0.14038148522377014
54362.44,21.368520736694336,0.12509623169898987
54376.43,21.30817985534668,0.178191676735878
54381.44,21.42996597290039,0.1588796079158783
54382.42,21.90738296508789,0.3084784746170044
54384.45,21.15151023864746,0.17322298884391785
54385.44,21.491016387939453,0.17331847548484802
54386.43,21.572601318359375,0.18486961722373962
54387.44,21.42818832397461,0.2941061854362488
54391.44,21.025503158569336,0.24344442784786224
54393.44,21.377281188964844,0.20413373410701752
54394.42,21.02824592590332,0.20108984410762787
54396.44,21.563154220581055,0.3626176714897156
54402.43,21.498023986816406,0.6240527033805847
54406.34,21.85546112060547,0.21806439757347107
54409.35,21.542552947998047,0.1426488757133484
54411.3,21.36559295654297,0.14240755140781403
54412.37,21.604736328125,0.19704946875572205
54413.34,21.3304500579834,0.231664776802063
54415.36,21.401439666748047,0.1428804099559784
54417.35,21.579280853271484,0.17596372961997986
54418.34,21.49793243408203,0.21509569883346558
54421.35,21.47142791748047,0.23816055059432983
54422.35,21.22939682006836,0.19985923171043396
54423.32,21.515644073486328,0.19929203391075134
