mjd,mag,magerr
51818.38,21.537683486938477,0.12493152171373367
51875.21,21.888473510742188,0.17478440701961517
52170.43,21.002586364746094,0.08388949185609818
52171.37,20.965234756469727,0.08538796007633209
52173.35,21.244762420654297,0.12143055349588394
52224.33,21.284006118774414,0.09874899685382843
52225.29,21.21222686767578,0.09470975399017334
52234.28,21.106006622314453,0.12233419716358185
52261.25,20.849233627319336,0.08302384614944458
52287.13,20.987024307250977,0.07658366113901138
52288.13,21.238296508789062,0.1021251529455185
52522.43,20.841102600097656,0.08605682104825974
52551.4,20.771486282348633,0.06920110434293747
52552.45,20.722810745239258,0.08737947046756744
52557.42,20.852733612060547,0.07634669542312622
52558.43,20.93647575378418,0.07194598764181137
52578.31,20.841808319091797,0.068992018699646
52908.4,20.54127311706543,0.06497706472873688
52934.33,20.47014617919922,0.059817131608724594
52935.33,20.452383041381836,0.0688757449388504
52936.32,20.501171112060547,0.05510362237691879
52963.26,20.819149017333984,0.060645438730716705
53270.39,20.896732330322266,0.07803022861480713
53272.44,20.93609046936035,0.09743370860815048
53288.36,21.147350311279297,0.09738906472921371
53294.41,23.462697982788086,0.6932770013809204
53298.41,20.88427734375,0.09619839489459991
53312.32,20.943510055541992,0.1781335175037384
53314.32,20.823101043701172,0.10934008657932281
53351.18,21.038330078125,0.09424164891242981
53622.43,20.48928451538086,0.05655363202095032
53627.39,20.607585906982422,0.06473812460899353
53628.38,20.405990600585938,0.09088299423456192
53634.38,20.896106719970703,0.23871256411075592
53635.39,20.638046264648438,0.11436106264591217
53638.43,20.595394134521484,0.07553686946630478
53639.43,20.609773635864258,0.07662292569875717
53640.39,20.903217315673828,0.09215716272592545
53641.43,20.49892807006836,0.07958338409662247
53646.45,21.797409057617188,0.21245992183685303
53655.36,20.689424514770508,0.0696428194642067
53663.37,20.53190040588379,0.14592860639095306
53663.45,20.367568969726562,0.17720094323158264
53664.39,20.597585678100586,0.12451878935098648
53665.35,20.51642417907715,0.0978449359536171
53665.45,20.865108489990234,0.18748879432678223
53668.44,20.466148376464844,0.14205710589885712
53669.35,20.54045867919922,0.09595397859811783
53669.45,20.698026657104492,0.14580588042736053
53670.37,20.51357078552246,0.08211264759302139
53670.45,20.757244110107422,0.12557221949100494
53671.43,20.705211639404297,0.10169993340969086
53673.33,20.665842056274414,0.06378963589668274
53674.33,20.844282150268555,0.08324816823005676
53675.33,20.620534896850586,0.06921502202749252
53676.42,20.545724868774414,0.08824925124645233
53677.35,20.65816879272461,0.0686144232749939
53679.39,20.626813888549805,0.0971149429678917
53680.34,20.641843795776367,0.06582061201334
53681.38,20.772167205810547,0.07883700728416443
53683.4,21.07427978515625,0.10179568082094193
53686.34,20.72130584716797,0.20216523110866547
53697.34,20.639190673828125,0.09760233014822006
53699.36,20.78129005432129,0.09545116871595383
53700.34,20.597061157226562,0.08463335782289505
53705.33,20.551116943359375,0.08128361403942108
53975.41,21.00000762939453,0.08299540728330612
53989.42,20.812023162841797,0.16914866864681244
53994.43,21.11191749572754,0.10291232168674469
53996.42,20.314733505249023,0.07315327227115631
53997.44,21.079296112060547,0.0703820139169693
54000.4,20.862245559692383,0.08234703540802002
54007.45,21.087236404418945,0.1515270173549652
54008.38,20.824462890625,0.08876919746398926
54009.37,20.91677474975586,0.06907246261835098
54009.44,20.93159294128418,0.08254406601190567
54010.37,20.968875885009766,0.06713077425956726
54011.43,21.060396194458008,0.0798281878232956
54012.36,20.842487335205078,0.13761554658412933
54012.45,21.25213623046875,0.11013442277908325
54020.4,20.923311233520508,0.1586417406797409
54024.45,21.25646209716797,0.15429221093654633
54025.43,20.47960090637207,0.12246744334697723
54028.44,20.912601470947266,0.10288239270448685
54030.4,21.18288803100586,0.0863904282450676
54031.35,20.938323974609375,0.07616758346557617
54035.44,20.987504959106445,0.12870123982429504
54037.35,20.866697311401367,0.08764024078845978
54039.35,20.771493911743164,0.08527907729148865
54040.36,20.842483520507812,0.09292932599782944
54041.32,21.256202697753906,0.21223212778568268
54041.4,21.089427947998047,0.159483402967453
54049.39,20.76766586303711,0.2091367393732071
54052.35,20.68204689025879,0.14397341012954712
54053.37,20.99883270263672,0.11584910750389099
54055.36,21.094850540161133,0.13168084621429443
54056.35,20.971193313598633,0.11804758012294769
54058.35,21.324390411376953,0.17690932750701904
54059.35,20.952613830566406,0.12365589290857315
54061.36,20.770517349243164,0.16164351999759674
54062.35,21.11313819885254,0.1175810918211937
54065.35,20.681869506835938,0.1697327196598053
54068.33,21.16231918334961,0.20645587146282196
54348.43,20.615474700927734,0.09594441950321198
54357.39,20.867311477661133,0.07217919826507568
54376.43,20.839359283447266,0.10477214306592941
54381.44,20.829572677612305,0.07858644425868988
54382.42,20.973188400268555,0.11557117849588394
54384.45,20.60942840576172,0.09754467010498047
54385.44,20.845844268798828,0.0830940455198288
54386.43,20.62602424621582,0.07723552733659744
54387.44,21.002248764038086,0.16039399802684784
54391.44,20.931245803833008,0.20240914821624756
54393.44,20.68873405456543,0.09662342071533203
54394.42,20.73871421813965,0.1375378519296646
54396.3,21.324684143066406,0.593102753162384
54396.44,20.721595764160156,0.150126650929451
54402.43,20.161151885986328,0.1649361252784729
54406.34,20.443424224853516,0.06615906953811646
54409.35,20.71068000793457,0.06672509014606476
54411.3,20.68224334716797,0.07191842794418335
54412.37,20.46271514892578,0.06791367381811142
54413.34,20.68145179748535,0.111202172935009
54415.36,20.539684295654297,0.07112407684326172
54417.35,20.71865463256836,0.0745328739285469
54418.34,20.589086532592773,0.08567511290311813
54422.35,20.62506103515625,0.10336922109127045
54424.28,20.578506469726562,0.11801599711179733
54433.35,20.04180908203125,0.15294653177261353
