mjd,mag,magerr
51818.38,21.05780601501465,0.08471961319446564
52170.43,20.764066696166992,0.07333522289991379
52171.37,20.904369354248047,0.07445298880338669
52173.35,20.780973434448242,0.07714172452688217
52224.33,21.036834716796875,0.08135919272899628
52225.29,20.94599723815918,0.08192861825227737
52234.28,20.93345069885254,0.10025296360254288
52261.25,21.038808822631836,0.08379548788070679
52287.13,20.875268936157227,0.07223422080278397
52551.4,20.930187225341797,0.08096102625131607
52552.45,20.69884490966797,0.07730748504400253
52557.42,20.797832489013672,0.07462343573570251
52558.43,20.626995086669922,0.05962798371911049
52908.39,20.574237823486328,0.06778500974178314
52912.37,20.776199340820312,0.08552926778793335
52934.33,20.709867477416992,0.0732145607471466
52936.32,20.854679107666016,0.0697532519698143
52963.25,20.688339233398438,0.0580282099545002
53270.39,20.87418556213379,0.07285510748624802
53272.44,20.694238662719727,0.08988268673419952
53286.41,20.863046646118164,0.0967099517583847
53288.36,21.08170509338379,0.0848609060049057
53294.41,22.86628532409668,0.4136027693748474
53298.41,21.000307083129883,0.09598692506551743
53302.36,20.873334884643555,0.11487313359975815
53312.31,21.123653411865234,0.21351435780525208
53314.32,21.051294326782227,0.13181227445602417
53622.43,21.060958862304688,0.07554473727941513
53628.38,20.809560775756836,0.12179066240787506
53634.38,20.999122619628906,0.2581927478313446
53635.39,21.043228149414062,0.17108286917209625
53638.42,20.788463592529297,0.09038200974464417
53639.43,20.73145294189453,0.08032521605491638
53640.39,20.93911361694336,0.09006334841251373
53641.43,20.74761962890625,0.08989936113357544
53646.45,21.704317092895508,0.19232219457626343
53655.36,20.861099243164062,0.07641953229904175
53663.37,20.577342987060547,0.14842277765274048
53663.45,20.83586311340332,0.2712632715702057
53664.39,20.708683013916016,0.13478368520736694
53665.35,20.746047973632812,0.12598221004009247
53665.45,20.87574005126953,0.19132117927074432
53666.44,21.094261169433594,0.21368247270584106
53668.36,20.9279727935791,0.14649386703968048
53669.45,20.612768173217773,0.13051971793174744
53670.37,21.056766510009766,0.12771613895893097
53670.44,20.821117401123047,0.12675708532333374
53671.43,20.73470687866211,0.10630089044570923
53673.33,20.696287155151367,0.06751155108213425
53675.33,21.000072479248047,0.08937499672174454
53676.42,20.816120147705078,0.09955471009016037
53677.35,20.83562660217285,0.07140708714723587
53680.34,20.725866317749023,0.06837181746959686
53681.38,20.831687927246094,0.07697050273418427
53683.4,20.911848068237305,0.0879596471786499
53686.34,20.48660659790039,0.17294399440288544
53697.34,20.878856658935547,0.11336927115917206
53699.36,20.871625900268555,0.10386248677968979
53989.42,20.68634605407715,0.1434004008769989
53996.42,20.29092025756836,0.07570954412221909
53997.44,21.051013946533203,0.06479828804731369
54000.39,20.779067993164062,0.0845048651099205
54007.45,21.01837158203125,0.13421031832695007
54009.37,20.685531616210938,0.059283945709466934
54009.44,20.798891067504883,0.07490229606628418
54010.37,20.924867630004883,0.06956323981285095
54011.43,20.838829040527344,0.06681520491838455
54012.36,20.862211227416992,0.13029037415981293
54012.45,21.097614288330078,0.08564264327287674
54020.4,20.910903930664062,0.16739901900291443
54024.45,21.269367218017578,0.147171288728714
54025.43,20.191471099853516,0.09594088047742844
54029.44,20.792457580566406,0.0928163081407547
54031.35,20.950485229492188,0.07833261042833328
54036.35,20.847688674926758,0.10731043666601181
54037.34,20.741575241088867,0.06803761422634125
54039.35,20.774791717529297,0.08613034337759018
54040.36,20.80554962158203,0.08876870572566986
54041.32,20.881855010986328,0.15575522184371948
54041.39,20.608985900878906,0.11520189791917801
54052.35,20.629587173461914,0.1546226590871811
54053.36,20.690994262695312,0.094428651034832
54055.36,20.805421829223633,0.1075577586889267
54058.35,20.779539108276367,0.10654612630605698
54059.35,20.970577239990234,0.12701988220214844
54060.37,21.041160583496094,0.16958200931549072
54061.36,21.00631332397461,0.20583491027355194
54062.35,20.907987594604492,0.09441996365785599
54065.34,20.78475570678711,0.22020921111106873
54346.43,20.876750946044922,0.16442792117595673
54348.43,20.82737159729004,0.11157560348510742
54357.39,20.966045379638672,0.07778514921665192
54362.44,20.942955017089844,0.07611196488142014
54376.43,20.860315322875977,0.10519903153181076
54381.44,20.737709045410156,0.07678333669900894
54384.45,20.830106735229492,0.10370408743619919
54386.43,20.616497039794922,0.08131469041109085
54392.43,20.92477798461914,0.10260214656591415
54393.44,20.905025482177734,0.10860489308834076
54396.3,20.388975143432617,0.258195161819458
54403.35,20.67463493347168,0.14111734926700592
54406.34,20.855573654174805,0.08307390660047531
54409.35,21.159809112548828,0.09506512433290482
54411.3,21.115745544433594,0.09582587331533432
54412.37,20.84918212890625,0.08825688064098358
54415.35,21.032089233398438,0.08860064297914505
54416.34,20.974117279052734,0.08128354698419571
54417.34,20.876087188720703,0.08816039562225342
54418.34,20.859783172607422,0.10033083707094193
54421.35,20.92066764831543,0.15305107831954956
54423.32,20.790498733520508,0.08933614939451218
54424.28,21.086130142211914,0.18097220361232758
54433.35,21.514394760131836,0.5902488827705383
