mjd,mag,magerr
51818.38,20.21613311767578,0.05202070623636246
51875.21,20.217071533203125,0.04770946875214577
52171.37,19.988346099853516,0.05029008910059929
52173.34,19.971620559692383,0.05463821068406105
52224.32,19.910358428955078,0.043560054153203964
52225.29,20.105953216552734,0.056736890226602554
52234.28,19.969684600830078,0.05622275546193123
52261.24,20.018413543701172,0.047017425298690796
52287.12,20.085081100463867,0.050193652510643005
52288.12,20.207067489624023,0.051262494176626205
52522.43,20.184804916381836,0.05563990771770477
52551.4,20.161083221435547,0.04864354431629181
52552.44,20.189395904541016,0.07458299398422241
52557.42,20.137109756469727,0.054579734802246094
52558.43,20.18536949157715,0.05149974673986435
52578.3,20.192508697509766,0.04383178800344467
52585.26,20.17052459716797,0.044157691299915314
52908.39,20.219581604003906,0.05730395019054413
52912.37,20.218536376953125,0.062430065125226974
52934.32,20.190593719482422,0.06278042495250702
52935.33,20.343473434448242,0.058847688138484955
52936.32,20.280473709106445,0.05130228400230408
52963.25,20.264408111572266,0.04279713332653046
53270.38,20.16084861755371,0.054185207933187485
53272.43,20.11932373046875,0.06279310584068298
53286.4,20.219213485717773,0.07293462753295898
53288.36,20.250341415405273,0.055482909083366394
53294.41,21.221256256103516,0.1349584311246872
53296.36,20.418346405029297,0.07090464979410172
53298.41,20.123775482177734,0.05804590508341789
53302.36,20.11211395263672,0.0778765082359314
53312.31,20.32721519470215,0.10125455260276794
53314.31,20.095991134643555,0.06342225521802902
53351.17,20.2459716796875,0.06277753412723541
53622.43,20.532310485839844,0.05394851416349411
53628.38,20.41768455505371,0.09802808612585068
53634.38,20.47785758972168,0.16420875489711761
53635.39,20.359516143798828,0.11148565262556076
53638.42,20.318843841552734,0.059361472725868225
53639.43,20.190641403198242,0.0647391602396965
53640.39,20.678098678588867,0.07206045091152191
53641.43,20.35542869567871,0.07686451077461243
53646.45,20.915374755859375,0.09195975214242935
53655.36,20.454893112182617,0.058325283229351044
53663.37,20.67218780517578,0.19405001401901245
53663.45,20.79175567626953,0.2736220061779022
53664.38,20.328542709350586,0.10112404823303223
53665.35,20.38215446472168,0.11353038251399994
53665.45,20.523944854736328,0.1413949877023697
53668.36,20.393728256225586,0.09995860606431961
53668.44,20.166419982910156,0.11750154197216034
53669.34,20.30961036682129,0.08262240141630173
53669.45,20.47551918029785,0.1395624876022339
53671.43,20.39807891845703,0.07175738364458084
53673.33,20.311315536499023,0.06079640984535217
53674.33,20.49207305908203,0.07779166102409363
53675.33,20.372804641723633,0.06658439338207245
53676.42,20.518470764160156,0.07561907172203064
53677.35,20.35857582092285,0.061511557549238205
53679.39,20.477947235107422,0.07448077201843262
53680.34,20.33711051940918,0.06734013557434082
53681.38,20.556854248046875,0.06444273889064789
53683.39,20.496435165405273,0.08003906160593033
53686.33,20.598438262939453,0.18363559246063232
53697.34,20.481395721435547,0.07594750076532364
53699.36,20.470155715942383,0.09012140333652496
53700.34,20.443687438964844,0.07843765616416931
53704.32,20.384933471679688,0.09420111030340195
53705.32,20.622907638549805,0.09266479313373566
53975.41,20.3668270111084,0.05852236971259117
53989.42,20.409381866455078,0.1306801736354828
53994.43,20.223121643066406,0.05168382450938225
53995.46,19.939725875854492,0.05846093222498894
53996.41,19.82113265991211,0.05345501750707626
53997.44,20.4739933013916,0.05303346365690231
54000.39,20.232728958129883,0.06670384854078293
54007.44,20.423297882080078,0.08721660822629929
54008.37,20.120710372924805,0.05701747164130211
54009.37,20.086339950561523,0.05026707425713539
54009.44,20.29309844970703,0.05271436274051666
54010.37,20.37619400024414,0.04643935337662697
54011.43,20.060434341430664,0.054326243698596954
54012.36,20.309816360473633,0.08595409244298935
54012.44,20.458206176757812,0.06250117719173431
54020.37,20.151689529418945,0.08916023373603821
54020.4,20.34261703491211,0.09651301801204681
54024.45,20.466827392578125,0.0783463716506958
54025.43,19.638202667236328,0.0702265128493309
54028.44,20.628881454467773,0.10335467010736465
54029.44,20.289127349853516,0.06936544179916382
54030.39,20.524126052856445,0.06147921085357666
54031.35,20.071674346923828,0.05940833315253258
54035.44,20.281478881835938,0.08137103170156479
54036.35,20.146806716918945,0.07277083396911621
54037.34,20.266178131103516,0.047344863414764404
54039.35,20.181251525878906,0.06206275895237923
54040.36,20.276947021484375,0.05964258685708046
54041.32,20.123184204101562,0.09992022812366486
54041.39,20.389358520507812,0.08140634000301361
54047.39,20.65058708190918,0.35812532901763916
54048.34,20.066614151000977,0.08364518731832504
54048.37,20.156517028808594,0.11366088688373566
54049.38,20.159732818603516,0.10676311701536179
54052.35,20.122455596923828,0.10387744754552841
54053.36,20.283262252807617,0.06759180873632431
54056.35,20.290714263916016,0.07147727161645889
54058.34,20.320415496826172,0.08523605018854141
54059.34,20.099681854248047,0.06751418113708496
54060.37,20.522035598754883,0.12751750648021698
54061.35,20.198776245117188,0.10840847343206406
54062.35,20.124942779541016,0.05614330619573593
54065.34,20.369678497314453,0.24379093945026398
54068.33,20.45937156677246,0.14118514955043793
54346.42,20.282548904418945,0.10383865237236023
54348.43,20.156339645385742,0.0735996812582016
54357.39,20.151403427124023,0.048264652490615845
54365.42,20.266277313232422,0.05472918972373009
54376.43,20.184877395629883,0.058437176048755646
54381.44,20.184764862060547,0.052664756774902344
54382.42,20.201601028442383,0.07206187397241592
54384.44,20.211902618408203,0.06852015107870102
54385.43,20.17348289489746,0.05993993952870369
54386.43,20.102828979492188,0.06088703125715256
54387.43,20.380102157592773,0.12566766142845154
54391.43,19.942838668823242,0.08864067494869232
54392.43,20.111867904663086,0.11954370141029358
54393.44,20.259307861328125,0.09491383284330368
54394.42,20.202434539794922,0.07763104885816574
54396.3,20.310413360595703,0.2368181049823761
54396.44,20.37796974182129,0.10778167098760605
54402.43,19.93450927734375,0.1338300257921219
54403.35,20.132097244262695,0.12092497199773788
54406.34,20.09693145751953,0.06593198329210281
54411.3,20.196657180786133,0.05214864760637283
54412.37,20.12164306640625,0.05393930897116661
54413.34,20.179832458496094,0.07144764065742493
54415.35,20.205520629882812,0.046925585716962814
54416.34,20.107431411743164,0.050241295248270035
54417.34,20.014772415161133,0.0446062907576561
54418.34,20.097061157226562,0.05993232503533363
54421.34,19.95134162902832,0.05933622270822525
54422.34,20.066909790039062,0.06445837765932083
54423.32,20.164875030517578,0.06543342024087906
54424.28,20.24667739868164,0.08263237774372101
