mjd,mag,magerr
51818.37,21.202688217163086,0.0976371094584465
51875.2,21.32968521118164,0.09827834367752075
52170.43,21.38533592224121,0.12900565564632416
52171.36,21.412307739257812,0.13693185150623322
52173.34,21.223257064819336,0.12823200225830078
52224.32,21.640518188476562,0.14833888411521912
52225.28,21.08403968811035,0.08581443130970001
52234.28,21.38303565979004,0.14016743004322052
52261.24,21.32198143005371,0.11314166337251663
52287.12,21.45489501953125,0.12299734354019165
52288.12,21.530838012695312,0.1193283274769783
52522.42,21.267854690551758,0.1038028672337532
52551.39,21.334001541137695,0.10271573811769485
52557.41,21.472517013549805,0.1436944156885147
52558.43,21.493602752685547,0.10206799954175949
52578.3,21.384904861450195,0.10593433678150177
52908.39,21.410451889038086,0.13455605506896973
52912.37,21.335325241088867,0.12577277421951294
52934.32,21.276752471923828,0.12877510488033295
52935.32,21.432594299316406,0.13972190022468567
52963.25,21.357582092285156,0.08277751505374908
53270.38,20.944759368896484,0.09099968522787094
53272.43,20.927906036376953,0.10161613672971725
53286.4,20.976348876953125,0.11227309703826904
53294.4,21.316736221313477,0.13235478103160858
53296.35,21.097126007080078,0.12265849858522415
53298.4,21.566675186157227,0.13934306800365448
53302.35,21.245067596435547,0.17925475537776947
53312.31,21.147790908813477,0.19040827453136444
53314.31,21.215866088867188,0.15571428835391998
53351.17,21.32996368408203,0.10739562660455704
53628.37,21.330631256103516,0.24297863245010376
53634.38,21.529504776000977,0.4031890034675598
53638.42,21.432016372680664,0.13589778542518616
53640.38,21.51349449157715,0.1288020759820938
53641.42,21.343652725219727,0.14347510039806366
53646.44,22.382888793945312,0.29018643498420715
53655.35,21.337228775024414,0.10947476327419281
53663.36,21.56831932067871,0.3577510118484497
53663.44,21.249717712402344,0.3566646873950958
53665.34,22.67462158203125,0.8579443693161011
53665.44,21.850500106811523,0.3998568654060364
53666.43,21.557601928710938,0.45309704542160034
53668.35,21.333301544189453,0.21203987300395966
53668.43,21.09364128112793,0.22114989161491394
53669.34,21.364524841308594,0.20508749783039093
53669.44,21.284727096557617,0.2990189790725708
53673.33,21.532581329345703,0.1408621072769165
53674.32,21.483898162841797,0.1856851875782013
53675.32,21.300947189331055,0.14142514765262604
53676.41,21.25152587890625,0.15891385078430176
53677.34,21.374059677124023,0.125176340341568
53679.38,21.542739868164062,0.1717013120651245
53680.33,21.368688583374023,0.13922221958637238
53681.37,21.703678131103516,0.1611141860485077
53683.39,22.056562423706055,0.2773904502391815
53697.33,21.30389404296875,0.1459215134382248
53699.35,21.622472763061523,0.2074868530035019
53700.33,21.151748657226562,0.12116266041994095
53704.32,21.203554153442383,0.14211905002593994
53705.32,21.382610321044922,0.14851610362529755
53975.4,21.366575241088867,0.1279110461473465
53989.41,21.132368087768555,0.22790119051933289
53995.45,20.59988784790039,0.10532878339290619
53996.41,20.561908721923828,0.10709439218044281
54000.39,21.284351348876953,0.14201463758945465
54007.44,21.139137268066406,0.12163708359003067
54009.36,21.169065475463867,0.10402514040470123
54010.36,21.426963806152344,0.08518099784851074
54011.43,21.314697265625,0.1033201590180397
54012.36,21.01108169555664,0.1476459503173828
54012.44,21.2491397857666,0.14063864946365356
54020.36,20.904102325439453,0.15650074183940887
54024.44,21.07581901550293,0.12393640726804733
54025.43,20.864952087402344,0.17703428864479065
54029.44,21.093656539916992,0.13720205426216125
54030.39,21.290563583374023,0.09750627726316452
54031.34,21.127986907958984,0.10968399047851562
54035.43,21.44359588623047,0.18003353476524353
54036.35,21.127967834472656,0.1465795934200287
54037.34,21.309438705444336,0.09203141182661057
54039.35,20.972620010375977,0.11823879182338715
54040.35,21.216962814331055,0.13113704323768616
54041.32,21.076669692993164,0.21155446767807007
54048.34,21.040485382080078,0.18054431676864624
54049.38,20.980249404907227,0.23992228507995605
54052.34,21.211620330810547,0.2874140739440918
54053.36,21.072895050048828,0.13365556299686432
54055.36,21.146469116210938,0.17841432988643646
54056.34,21.321073532104492,0.13453702628612518
54058.34,21.33289337158203,0.21100673079490662
54059.34,21.257936477661133,0.16966012120246887
54060.36,21.678913116455078,0.3515738248825073
54061.35,21.25580596923828,0.22285635769367218
54062.34,21.252277374267578,0.12299937754869461
54068.32,21.128629684448242,0.18968747556209564
54346.42,20.952314376831055,0.20424491167068481
54348.42,21.037492752075195,0.16014522314071655
54355.43,21.48513412475586,0.14578796923160553
54357.38,21.473281860351562,0.11424274742603302
54365.41,21.34859275817871,0.11939863115549088
54376.43,21.13840675354004,0.13114888966083527
54381.43,21.179039001464844,0.10996749252080917
54382.41,21.393085479736328,0.12988899648189545
54384.44,21.181541442871094,0.1365644484758377
54385.43,21.44488525390625,0.11688841879367828
54386.42,21.56095314025879,0.2022252082824707
54387.43,21.470991134643555,0.21313482522964478
54391.43,21.118759155273438,0.2265932857990265
54392.43,21.310691833496094,0.17603154480457306
54393.43,21.342487335205078,0.23364616930484772
54394.41,21.326663970947266,0.20820100605487823
54396.43,21.115373611450195,0.2171650230884552
54406.34,21.46735191345215,0.1504821628332138
54411.3,21.29972267150879,0.10599060356616974
54416.33,21.45232582092285,0.14582906663417816
54421.34,21.156213760375977,0.17437654733657837
54423.32,21.13522720336914,0.15901422500610352
54424.28,21.063982009887695,0.1773023009300232
54433.34,21.93659782409668,0.8919008374214172
