mjd,mag,magerr
51818.37,22.487714767456055,0.23404182493686676
51875.2,22.763216018676758,0.4046901762485504
52170.42,22.41356086730957,0.25577521324157715
52173.34,22.47779655456543,0.3212716579437256
52224.32,22.804813385009766,0.32605230808258057
52225.28,22.89961051940918,0.4495311975479126
52234.27,22.197376251220703,0.26564088463783264
52261.24,22.617897033691406,0.27541735768318176
52287.12,22.998750686645508,0.3506395220756531
52288.12,22.882349014282227,0.4706605076789856
52522.42,22.243803024291992,0.2868235111236572
52551.39,22.056581497192383,0.22449597716331482
52557.41,22.1950626373291,0.2037435621023178
52558.42,21.779064178466797,0.1534968465566635
52576.26,22.056642532348633,0.23121310770511627
52578.29,22.024919509887695,0.23402564227581024
52585.26,22.014253616333008,0.18352845311164856
52908.38,22.21904754638672,0.21849341690540314
52910.39,23.613771438598633,0.8787575960159302
52912.36,22.235994338989258,0.23546373844146729
52934.32,23.441665649414062,0.6829859018325806
52935.32,21.79578399658203,0.1968304067850113
52936.31,22.49277114868164,0.2254926711320877
52963.24,22.748327255249023,0.2965325713157654
53270.38,22.86248779296875,0.3089423179626465
53272.43,22.423341751098633,0.2799367606639862
53286.4,21.833587646484375,0.16800467669963837
53288.35,22.259090423583984,0.20379358530044556
53294.4,22.725374221801758,0.38466304540634155
53298.4,22.727760314941406,0.3397388160228729
53302.35,22.298635482788086,0.40310707688331604
53314.31,22.391698837280273,0.34311962127685547
53351.17,22.27174186706543,0.2754972279071808
53622.42,23.391042709350586,0.5854272246360779
53628.37,22.994911193847656,0.8596228361129761
53635.38,22.550464630126953,0.6067169904708862
53638.41,22.077762603759766,0.28837135434150696
53639.42,22.254169464111328,0.2820339500904083
53640.38,22.783950805664062,0.4582878649234772
53641.42,22.667123794555664,0.35680267214775085
53665.44,22.743513107299805,0.988307535648346
53668.35,22.294330596923828,0.41393566131591797
53668.43,22.015609741210938,0.5505692362785339
53669.44,21.977603912353516,0.39554741978645325
53671.42,22.788267135620117,0.6948662996292114
53673.32,22.465791702270508,0.24728497862815857
53675.32,22.26488494873047,0.23598483204841614
53676.41,21.463260650634766,0.24085044860839844
53677.34,22.503589630126953,0.2789776921272278
53679.38,21.893285751342773,0.3057017922401428
53680.33,23.00109100341797,0.4604395627975464
53683.39,22.174388885498047,0.25968512892723083
53697.33,22.533281326293945,0.5114243030548096
53704.31,23.21815299987793,0.7226532697677612
53994.42,21.8542537689209,0.23065891861915588
53995.45,22.228004455566406,0.3985278010368347
53996.41,22.60323715209961,0.44354185461997986
54000.39,22.218687057495117,0.3009747862815857
54007.44,22.90003204345703,0.3125446140766144
54009.36,23.98381233215332,0.5431168675422668
54011.42,22.722246170043945,0.22904102504253387
54012.35,22.412410736083984,0.5795641541481018
54012.44,22.543794631958008,0.38312843441963196
54029.43,22.71126365661621,0.5330045223236084
54030.38,22.47572898864746,0.32449907064437866
54031.34,23.534379959106445,0.5358077883720398
54035.43,23.075458526611328,0.9688345789909363
54036.34,23.595539093017578,0.9231777787208557
54037.33,23.122920989990234,0.5176339745521545
54039.34,22.866403579711914,0.3857351839542389
54048.34,22.644737243652344,0.5480632185935974
54049.38,22.31987953186035,0.7454999685287476
54053.35,22.304615020751953,0.4105774462223053
54055.35,23.06871795654297,0.6503991484642029
54058.34,22.430421829223633,0.35459962487220764
54059.34,22.552371978759766,0.5507465600967407
54060.36,21.81978988647461,0.34630531072616577
54061.35,21.54441261291504,0.35610947012901306
54346.42,22.01436996459961,0.4656505882740021
54348.42,22.268566131591797,0.31644922494888306
54355.43,22.90452003479004,0.3414817154407501
54357.38,22.763225555419922,0.3638247847557068
54362.43,22.433103561401367,0.298643559217453
54365.41,22.46146583557129,0.1837051510810852
54376.42,22.98887825012207,0.6861593127250671
54381.43,22.546672821044922,0.27010729908943176
54384.44,22.781641006469727,0.3491341471672058
54385.43,22.36838150024414,0.3296482563018799
54386.42,22.915254592895508,0.42549195885658264
54387.43,21.380685806274414,0.2891584634780884
54393.43,22.761756896972656,0.6775707006454468
54394.41,22.35349464416504,0.6687611937522888
54405.39,23.04424476623535,0.8681269884109497
54406.33,22.664201736450195,0.39871978759765625
54411.29,22.870792388916016,0.28425437211990356
54412.36,22.525365829467773,0.3001733422279358
54413.33,22.54265785217285,0.5364635586738586
54418.33,22.058326721191406,0.3793976902961731
54421.34,22.360328674316406,0.40944623947143555
54422.34,23.009746551513672,0.817323625087738
54423.31,22.671234130859375,0.5472308397293091
54424.27,22.12150764465332,0.47708240151405334
