mjd,mag,magerr
51818.36,20.69353675842285,0.0623125396668911
51875.19,20.561813354492188,0.056228410452604294
52170.41,20.99462127685547,0.08632425963878632
52173.33,21.094282150268555,0.1100384071469307
52224.31,20.73344612121582,0.0637543573975563
52225.27,20.75935173034668,0.0712074488401413
52234.26,20.691877365112305,0.06972893327474594
52261.23,20.657533645629883,0.06513723731040955
52282.16,20.402429580688477,0.06469617784023285
52287.11,20.344934463500977,0.050223059952259064
52522.41,20.61445426940918,0.06562058627605438
52551.38,20.437894821166992,0.06184019148349762
52557.4,20.612098693847656,0.0690411627292633
52576.25,20.56806182861328,0.06170806288719177
52578.29,20.540254592895508,0.06159921735525131
52908.38,20.265512466430664,0.05259592831134796
52910.39,20.197050094604492,0.05323559045791626
52912.36,20.36667823791504,0.05982669070363045
52934.31,20.339263916015625,0.05698031932115555
52936.3,20.37229347229004,0.05026627704501152
53270.37,20.333024978637695,0.058030739426612854
53272.42,20.12986946105957,0.05171869322657585
53286.39,20.15423011779785,0.061744898557662964
53288.34,20.19798469543457,0.04549739882349968
53296.34,20.280677795410156,0.062335893511772156
53298.39,20.5532169342041,0.06419632583856583
53302.34,20.135854721069336,0.07724550366401672
53314.3,20.341562271118164,0.07275813817977905
53351.16,20.330902099609375,0.06323305517435074
53622.42,20.542951583862305,0.058431476354599
53628.36,20.268444061279297,0.09217126667499542
53635.37,20.541696548461914,0.10363415628671646
53637.36,20.410688400268555,0.09709469228982925
53639.41,20.30777359008789,0.056875791400671005
53640.37,20.417699813842773,0.0723540186882019
53641.41,20.512924194335938,0.06854602694511414
53646.43,20.78398895263672,0.08690071851015091
53655.34,20.345590591430664,0.05994705483317375
53663.35,20.421506881713867,0.1336115300655365
53663.43,20.360361099243164,0.16032059490680695
53664.37,20.81450653076172,0.1913730800151825
53665.33,20.700666427612305,0.1279352456331253
53665.43,20.29134750366211,0.10381729155778885
53666.42,20.395891189575195,0.11529938876628876
53668.34,20.322580337524414,0.07734191417694092
53668.42,20.161190032958984,0.1091444194316864
53669.33,20.69363021850586,0.12254773825407028
53669.43,20.44614601135254,0.1267259418964386
53674.31,20.35005760192871,0.06277554482221603
53675.31,20.189952850341797,0.058955494314432144
53677.33,20.362945556640625,0.05274716019630432
53680.32,20.260112762451172,0.05134398490190506
53683.38,20.448110580444336,0.08019611984491348
53687.27,20.231388092041016,0.11990299820899963
53697.32,20.52315902709961,0.08841253817081451
53698.32,20.36102867126465,0.07997963577508926
53699.34,20.386415481567383,0.06771215051412582
53704.3,20.291921615600586,0.06321880966424942
53975.39,20.305566787719727,0.05714114382863045
53989.4,20.130191802978516,0.0981864258646965
53993.4,21.043109893798828,0.17719876766204834
53996.4,19.749967575073242,0.048594556748867035
54000.38,20.352527618408203,0.06322214007377625
54008.36,20.303834915161133,0.06311012804508209
54009.35,20.218982696533203,0.04999985173344612
54010.35,20.287784576416016,0.04661014676094055
54011.41,20.23953628540039,0.04666907712817192
54020.35,20.138307571411133,0.08236943930387497
54024.43,20.47120475769043,0.07483108341693878
54025.41,19.613983154296875,0.0592910535633564
54028.42,20.513059616088867,0.07766124606132507
54029.42,20.251995086669922,0.060844969004392624
54030.34,20.23591423034668,0.05047055706381798
54030.38,20.23813819885254,0.045267920941114426
54031.33,20.463842391967773,0.0516698993742466
54035.42,20.477373123168945,0.09293842315673828
54036.34,20.3444881439209,0.06956752389669418
54039.33,20.15364646911621,0.05270649120211601
54041.3,20.009361267089844,0.07146330922842026
54047.37,20.232654571533203,0.2724263668060303
54048.33,20.208518981933594,0.07832741737365723
54052.33,20.217267990112305,0.08950725942850113
54053.35,20.409765243530273,0.08734209090471268
54055.34,20.3559513092041,0.07208491116762161
54058.33,20.172204971313477,0.07052136212587357
54059.33,20.122766494750977,0.06493499130010605
54060.35,20.47683334350586,0.13437309861183167
54061.34,20.30975914001465,0.08934947103261948
54062.33,20.225341796875,0.06893027573823929
54063.32,20.136302947998047,0.08107726275920868
54065.33,20.27615737915039,0.07353901863098145
54346.41,19.988540649414062,0.08311174064874649
54348.41,20.019458770751953,0.06887901574373245
54355.42,20.047866821289062,0.044725432991981506
54357.37,19.942676544189453,0.04388658329844475
54362.42,20.385475158691406,0.04993874207139015
54365.4,20.16995620727539,0.04065455123782158
54381.42,20.345062255859375,0.046483930200338364
54382.4,20.206762313842773,0.06460268795490265
54384.43,20.109634399414062,0.056884508579969406
54385.42,20.13311767578125,0.05019443482160568
54386.41,20.218177795410156,0.06589791923761368
54387.42,20.359634399414062,0.10309533774852753
54391.42,20.331212997436523,0.11242733895778656
54392.41,20.289445877075195,0.07376106083393097
54393.42,20.154159545898438,0.053415656089782715
54396.28,20.071758270263672,0.17888174951076508
54396.42,20.164134979248047,0.11907430738210678
54402.41,20.35102653503418,0.19211351871490479
54403.33,20.165794372558594,0.21829119324684143
54404.39,20.438453674316406,0.20423465967178345
54405.39,20.033714294433594,0.0719202384352684
54406.32,20.179067611694336,0.05896477773785591
54411.28,20.196636199951172,0.04984021186828613
54412.35,20.088226318359375,0.05552557110786438
54413.32,20.204343795776367,0.08764874935150146
54415.34,20.167078018188477,0.05328066274523735
54416.32,20.23441505432129,0.05204115808010101
54417.33,20.174741744995117,0.05558763071894646
54418.32,20.18425750732422,0.06556380540132523
54421.33,20.27722930908203,0.06616698950529099
54422.33,20.257783889770508,0.06228433921933174
54423.31,20.308195114135742,0.07642681151628494
54424.27,20.093734741210938,0.0857674703001976
54433.33,19.958581924438477,0.1653802990913391
