mjd,mag,magerr
51818.36,21.758867263793945,0.1531379073858261
51875.19,22.142179489135742,0.23766161501407623
52170.41,21.71294403076172,0.15829114615917206
52173.33,21.720977783203125,0.22778795659542084
52224.31,21.59052848815918,0.14759498834609985
52225.27,21.803943634033203,0.17360679805278778
52234.26,21.613662719726562,0.16270701587200165
52282.16,22.103622436523438,0.31811657547950745
52287.11,21.95747947692871,0.19231584668159485
52288.11,22.017385482788086,0.21013683080673218
52522.41,21.876367568969727,0.19176945090293884
52551.38,21.718955993652344,0.17779342830181122
52557.4,21.561182022094727,0.1595592200756073
52558.41,21.336212158203125,0.10496087372303009
52576.25,21.680374145507812,0.16526152193546295
52578.28,21.347299575805664,0.12880243360996246
52585.25,21.61480140686035,0.14920948445796967
52908.37,21.70041847229004,0.17170913517475128
52934.31,21.536405563354492,0.15785592794418335
52935.31,21.68882942199707,0.18387965857982635
52936.3,21.84743309020996,0.16065992414951324
52963.23,21.814245223999023,0.1437101662158966
53270.37,21.81719398498535,0.2038656324148178
53272.42,21.737268447875977,0.19622476398944855
53286.39,21.774593353271484,0.2503126263618469
53288.34,21.87320899963379,0.1955053210258484
53298.39,22.306074142456055,0.2937085032463074
53302.34,22.059350967407227,0.519343912601471
53314.3,21.47041893005371,0.20188184082508087
53351.16,22.100566864013672,0.25914520025253296
53622.41,22.472904205322266,0.29229995608329773
53628.36,22.540605545043945,0.6844192147254944
53637.36,22.83428192138672,0.9256038665771484
53639.41,22.543508529663086,0.3756386935710907
53641.41,22.213666915893555,0.3027384281158447
53655.34,22.386245727539062,0.3188679814338684
53663.35,21.326126098632812,0.270074725151062
53663.43,21.510845184326172,0.47314712405204773
53665.33,21.9549560546875,0.3773954212665558
53665.43,22.25505828857422,0.6365511417388916
53666.42,22.19972801208496,0.5923887491226196
53668.34,21.984046936035156,0.36285895109176636
53669.32,22.128536224365234,0.3267270624637604
53669.43,22.371400833129883,0.679097056388855
53671.41,22.376117706298828,0.5023452043533325
53673.31,21.80504035949707,0.17066679894924164
53674.31,22.129934310913086,0.3633124530315399
53675.31,22.772253036499023,0.43218284845352173
53676.4,22.335979461669922,0.4025435149669647
53677.33,22.548646926879883,0.34999439120292664
53680.32,21.747970581054688,0.1792944371700287
53681.36,21.93323516845703,0.23137803375720978
53683.38,22.126087188720703,0.38376614451408386
53697.32,22.288110733032227,0.42091691493988037
53698.32,22.016300201416016,0.31163010001182556
53704.3,21.95973777770996,0.2629152238368988
53989.4,20.91537094116211,0.2169470489025116
53993.4,21.511913299560547,0.23731429874897003
53994.41,21.817214965820312,0.21338750422000885
53995.44,21.24591827392578,0.12979097664356232
53996.4,21.40973663330078,0.1531503051519394
54000.38,21.211280822753906,0.13543875515460968
54007.43,21.473875045776367,0.15819154679775238
54008.36,21.695709228515625,0.2322491705417633
54009.35,21.457988739013672,0.12772439420223236
54010.35,21.703832626342773,0.1352020502090454
54011.41,21.487510681152344,0.11921411752700806
54012.34,21.47356414794922,0.32697951793670654
54020.35,21.864158630371094,0.4578677713871002
54024.43,22.24881935119629,0.4354901611804962
54025.41,21.886125564575195,0.2974943518638611
54028.42,21.49106216430664,0.1899494230747223
54029.42,21.65768051147461,0.20895595848560333
54030.34,21.731847763061523,0.1692032516002655
54030.37,21.736913681030273,0.1742728054523468
54031.33,21.544363021850586,0.1451147496700287
54035.42,21.731908798217773,0.3153006136417389
54036.33,21.326045989990234,0.18385328352451324
54037.32,21.439437866210938,0.15171097218990326
54039.33,21.507415771484375,0.1659047156572342
54040.34,21.63454246520996,0.2483765035867691
54041.3,21.637569427490234,0.29620155692100525
54048.33,21.868694305419922,0.338043749332428
54049.37,21.83715057373047,0.5149515867233276
54052.33,21.306079864501953,0.24810610711574554
54053.34,21.842809677124023,0.27252575755119324
54055.34,21.96204376220703,0.366089791059494
54056.33,21.741100311279297,0.29825785756111145
54058.33,21.523176193237305,0.2195005714893341
54059.33,21.63007354736328,0.2515246272087097
54061.34,21.50589370727539,0.3555283546447754
54062.33,21.580888748168945,0.18873238563537598
54063.32,21.710317611694336,0.2756853401660919
54065.32,21.63819694519043,0.3285413980484009
54068.31,21.577394485473633,0.3530133068561554
54348.41,21.352392196655273,0.21385981142520905
54357.37,21.708271026611328,0.16099008917808533
54362.42,21.94948959350586,0.18257153034210205
54376.41,21.662321090698242,0.19741059839725494
54381.42,22.28761100769043,0.3094275891780853
54382.4,21.783037185668945,0.28314587473869324
54384.43,21.781787872314453,0.20898202061653137
54385.42,21.568336486816406,0.17068251967430115
54386.41,21.82827377319336,0.2859307825565338
54392.41,21.413516998291016,0.21882544457912445
54393.42,21.99345588684082,0.2751849293708801
54394.4,21.322507858276367,0.21203365921974182
54396.28,20.942943572998047,0.43768826127052307
54396.42,21.29237937927246,0.26899123191833496
54402.41,21.359134674072266,0.4209994971752167
54406.32,21.4249324798584,0.16041965782642365
54411.28,21.689945220947266,0.17169415950775146
54412.35,21.40544891357422,0.15857331454753876
54413.32,21.815208435058594,0.3432307839393616
54415.33,21.597728729248047,0.16993021965026855
54417.33,21.424551010131836,0.15462492406368256
54418.32,21.125057220458984,0.15456059575080872
54421.33,21.39577865600586,0.17658238112926483
54422.33,21.515560150146484,0.20154090225696564
54423.3,21.487180709838867,0.228051096200943
54424.26,22.197174072265625,0.5550141930580139
54433.33,21.85194969177246,0.8356228470802307
