mjd,mag,magerr
51818.36,22.20699691772461,0.24324452877044678
51875.19,21.9052791595459,0.1756819486618042
52170.41,21.9652156829834,0.22805249691009521
52173.33,22.125133514404297,0.34987640380859375
52224.31,21.789779663085938,0.19115133583545685
52225.27,21.96031951904297,0.18099871277809143
52234.26,21.930419921875,0.21146312355995178
52261.23,22.042448043823242,0.25390827655792236
52282.16,21.85976791381836,0.27015483379364014
52287.11,21.651866912841797,0.1741185188293457
52288.11,21.832151412963867,0.1654282659292221
52522.41,21.432138442993164,0.12199503928422928
52551.38,21.821266174316406,0.17601032555103302
52557.4,21.657869338989258,0.1843370795249939
52558.41,21.64922332763672,0.12894003093242645
52576.24,21.56784439086914,0.13456737995147705
52577.3,21.43400001525879,0.1185811311006546
52578.28,21.765323638916016,0.16338369250297546
52585.25,21.44974708557129,0.120655357837677
52908.37,21.68714714050293,0.20484279096126556
52910.38,21.658836364746094,0.19374291598796844
52934.31,21.673259735107422,0.1892852932214737
52935.31,21.759435653686523,0.17380447685718536
52936.3,21.432859420776367,0.13001976907253265
52963.23,21.741209030151367,0.13303126394748688
53270.37,21.82658576965332,0.22822712361812592
53272.42,22.374570846557617,0.4254889488220215
53286.38,21.890033721923828,0.29802095890045166
53288.34,21.656354904174805,0.16233418881893158
53296.34,21.796642303466797,0.2817094027996063
53298.39,21.843761444091797,0.22517946362495422
53302.34,22.031139373779297,0.4711777865886688
53312.29,22.435291290283203,0.7202338576316833
53314.3,21.28668212890625,0.19018571078777313
53622.41,22.23213768005371,0.2123468518257141
53628.36,22.50952911376953,0.7364059686660767
53635.37,21.71283721923828,0.34694918990135193
53637.36,22.497203826904297,0.7378761768341064
53638.4,22.063386917114258,0.2546962797641754
53639.41,21.942413330078125,0.2510809898376465
53640.37,22.247726440429688,0.265979140996933
53641.41,22.46958351135254,0.3972993493080139
53646.43,22.415002822875977,0.32240167260169983
53655.34,21.92371368408203,0.21240995824337006
53663.35,22.04986572265625,0.5902537703514099
53664.36,22.184852600097656,0.6254841685295105
53665.43,22.136253356933594,0.5541698932647705
53666.42,21.95852279663086,0.5175352692604065
53668.34,21.810577392578125,0.3382583260536194
53669.32,22.402212142944336,0.3823433816432953
53669.43,21.770870208740234,0.4681980311870575
53671.41,23.339107513427734,0.8794566988945007
53673.31,21.735544204711914,0.17831307649612427
53675.31,21.844036102294922,0.21240656077861786
53676.4,21.640396118164062,0.17897751927375793
53677.33,21.88789176940918,0.21729525923728943
53680.32,22.02174949645996,0.2845834493637085
53681.36,21.697702407836914,0.17188024520874023
53683.38,21.68207359313965,0.26057013869285583
53697.32,22.293893814086914,0.4106019139289856
53698.32,21.862607955932617,0.2966994345188141
53704.3,21.934947967529297,0.29376477003097534
53975.39,21.8111629486084,0.21305376291275024
53993.4,21.77366828918457,0.3643806278705597
53994.41,22.153295516967773,0.26509547233581543
53995.44,21.547365188598633,0.20842808485031128
53996.4,21.65444564819336,0.23704655468463898
54000.37,23.026636123657227,0.6639366149902344
54007.42,21.69166374206543,0.21409164369106293
54008.36,22.27387809753418,0.33387643098831177
54009.35,22.0418758392334,0.21226832270622253
54010.35,22.154277801513672,0.16871972382068634
54011.41,21.852811813354492,0.17572999000549316
54012.34,21.4058895111084,0.2890714406967163
54020.35,22.03070831298828,0.444877952337265
54024.43,21.78910255432129,0.2316245138645172
54025.41,21.70213508605957,0.3697287440299988
54028.42,21.882335662841797,0.1901659071445465
54029.42,21.820493698120117,0.2460259199142456
54030.34,22.19170379638672,0.20420315861701965
54031.33,21.757404327392578,0.18984852731227875
54035.42,21.58864402770996,0.24666009843349457
54036.33,21.74628448486328,0.24811089038848877
54037.32,22.019325256347656,0.17664040625095367
54039.33,21.768924713134766,0.222767174243927
54040.34,21.763980865478516,0.2754526436328888
54047.37,20.683176040649414,0.4207020401954651
54048.33,21.1324462890625,0.20766976475715637
54052.33,21.892663955688477,0.4050425887107849
54055.34,22.548585891723633,0.4023112654685974
54056.33,21.277273178100586,0.1912035346031189
54058.33,21.512845993041992,0.2200096994638443
54059.32,21.695331573486328,0.2232898473739624
54060.35,21.90489387512207,0.3587936460971832
54061.34,21.95269203186035,0.4231641888618469
54062.33,21.958293914794922,0.24754711985588074
54063.32,21.630096435546875,0.2415848672389984
54068.31,21.60240936279297,0.25983381271362305
54348.41,21.727140426635742,0.3042233884334564
54376.41,21.618350982666016,0.18638314306735992
54381.42,22.02981185913086,0.2520359456539154
54382.4,21.89026641845703,0.2807020843029022
54384.42,22.220186233520508,0.3289930522441864
54385.42,21.924253463745117,0.2308977097272873
54386.41,21.610794067382812,0.22455048561096191
54387.42,21.816251754760742,0.35094815492630005
54391.42,21.462142944335938,0.3308507800102234
54392.41,21.57889747619629,0.2610878348350525
54393.42,22.02952003479004,0.38617709279060364
54394.4,21.77987289428711,0.337712824344635
54396.42,22.370512008666992,0.9002008438110352
54402.41,21.541854858398438,0.5517240166664124
54403.33,22.38287353515625,0.6801979541778564
54406.32,22.108116149902344,0.3281668722629547
54411.28,22.65085792541504,0.32151737809181213
54412.35,22.038829803466797,0.3233571946620941
54413.32,22.032306671142578,0.3788290321826935
54416.32,21.781145095825195,0.19206085801124573
54418.32,22.19179916381836,0.31486976146698
54421.33,22.661136627197266,0.5969136953353882
54422.33,21.757598876953125,0.2176436185836792
54423.3,22.353431701660156,0.5140966773033142
54424.26,21.72609519958496,0.4028692841529846
54433.33,21.22467613220215,0.267757773399353
