mjd,mag,magerr
51818.35,21.096696853637695,0.08968118578195572
52170.4,20.944740295410156,0.0777338296175003
52173.32,21.147125244140625,0.1349712759256363
52196.4,20.91554069519043,0.09460444003343582
52207.37,21.03434181213379,0.08678478747606277
52224.3,20.937070846557617,0.07716352492570877
52225.26,20.951984405517578,0.08966914564371109
52231.28,21.126800537109375,0.08999621123075485
52234.25,21.077089309692383,0.08748922497034073
52282.15,20.884790420532227,0.09540195018053055
52287.1,21.184450149536133,0.08473290503025055
52288.1,21.071847915649414,0.09567373245954514
52551.37,20.946157455444336,0.08658810704946518
52552.42,21.100988388061523,0.11291368305683136
52557.39,21.06224822998047,0.09515048563480377
52558.4,21.101043701171875,0.08276844024658203
52576.24,21.2166748046875,0.10385092347860336
52577.29,20.995656967163086,0.07938504219055176
52585.24,20.823854446411133,0.06755031645298004
52908.36,21.18896484375,0.10424909740686417
52910.37,20.909225463867188,0.08918947726488113
52912.34,20.96384620666504,0.1037110984325409
52934.3,20.97637939453125,0.11143655329942703
52935.3,20.867830276489258,0.08953612297773361
52936.29,21.17586326599121,0.08227361738681793
52963.22,21.029516220092773,0.08357641845941544
53270.36,21.133024215698242,0.11867573857307434
53288.33,21.07564353942871,0.07949977368116379
53296.33,20.823583602905273,0.10767556726932526
53298.38,20.965797424316406,0.10603316128253937
53312.28,20.94257354736328,0.17026843130588531
53314.29,21.081649780273438,0.11942917108535767
53622.4,21.21477699279785,0.10745269060134888
53628.35,20.775537490844727,0.14851881563663483
53635.36,20.96108055114746,0.1498357355594635
53637.35,20.980283737182617,0.14842306077480316
53638.39,21.08655548095703,0.13406218588352203
53639.4,20.753101348876953,0.08844662457704544
53641.4,20.935287475585938,0.09074905514717102
53646.42,21.373516082763672,0.10992096364498138
53655.33,20.8162899017334,0.0875321701169014
53663.34,21.08291244506836,0.21857549250125885
53664.36,21.707292556762695,0.3981983959674835
53666.41,21.17655372619629,0.2088070809841156
53668.33,21.047517776489258,0.14206664264202118
53669.31,20.906259536743164,0.08564042299985886
53669.42,20.784717559814453,0.15097303688526154
53671.4,20.622983932495117,0.10852868854999542
53673.3,20.884862899780273,0.07626961916685104
53674.3,21.172956466674805,0.16265803575515747
53675.3,20.978437423706055,0.09743223339319229
53677.32,21.021800994873047,0.0798092633485794
53680.31,21.111623764038086,0.09287342429161072
53681.35,20.910600662231445,0.08887626230716705
53693.31,20.919231414794922,0.2898483872413635
53697.31,21.064319610595703,0.1281721442937851
53698.31,21.415950775146484,0.14387653768062592
53704.29,20.844608306884766,0.10018277168273926
53975.38,21.17412757873535,0.12032551318407059
53989.39,21.58347511291504,0.37258243560791016
53993.39,20.63903045654297,0.12242264300584793
53994.4,20.98529052734375,0.08813276886940002
53995.43,20.498199462890625,0.09101386368274689
53996.39,20.527812957763672,0.10048794746398926
54000.36,21.095714569091797,0.12982423603534698
54007.41,20.934614181518555,0.09336360543966293
54008.35,20.972166061401367,0.09221109747886658
54009.34,20.936418533325195,0.07966923713684082
54011.4,21.001052856445312,0.07346393913030624
54012.33,20.919937133789062,0.1783054769039154
54020.34,21.123823165893555,0.18693360686302185
54024.42,21.039222717285156,0.13344523310661316
54025.4,20.464744567871094,0.11472783237695694
54028.41,20.986465454101562,0.10759715735912323
54029.33,20.787155151367188,0.08443246781826019
54031.32,20.958261489868164,0.07677356898784637
54035.41,20.93070411682129,0.13436920940876007
54036.32,20.85282325744629,0.11177845299243927
54039.32,21.062358856201172,0.10066381841897964
54040.33,20.843732833862305,0.13886146247386932
54041.29,20.851951599121094,0.1482704132795334
54049.35,20.926658630371094,0.2239752560853958
54052.32,21.198270797729492,0.19290147721767426
54055.32,21.141841888427734,0.11498384177684784
54055.33,21.39145851135254,0.18508374691009521
54058.32,20.970426559448242,0.11152379959821701
54059.31,20.797225952148438,0.12142688035964966
54061.33,20.9547061920166,0.15919478237628937
54062.32,21.056262969970703,0.10765206068754196
54063.31,21.091825485229492,0.09249997138977051
54068.3,20.740020751953125,0.16119995713233948
54346.4,21.128713607788086,0.23523728549480438
54348.4,20.986534118652344,0.1281670331954956
54357.36,21.104869842529297,0.09421803802251816
54359.39,21.15339469909668,0.15135067701339722
54365.39,21.2271785736084,0.09456736594438553
54376.4,21.025005340576172,0.11635538190603256
54381.41,21.123947143554688,0.11074315011501312
54382.39,21.082921981811523,0.12553168833255768
54384.41,20.943593978881836,0.09843235462903976
54385.41,20.885501861572266,0.08790262043476105
54386.4,21.18256187438965,0.12268085777759552
54387.41,20.85107421875,0.17273403704166412
54391.41,21.528959274291992,0.3198334872722626
54392.4,21.265207290649414,0.15446995198726654
54393.41,21.00735855102539,0.09480796009302139
54394.39,20.837324142456055,0.14376814663410187
54402.4,21.08108901977539,0.3874644637107849
54403.32,20.977468490600586,0.408412903547287
54404.38,21.228315353393555,0.25297117233276367
54405.37,21.16766929626465,0.19659622013568878
54406.31,21.172130584716797,0.1100877895951271
54411.27,21.09035873413086,0.08881623297929764
54412.34,20.814119338989258,0.1075691431760788
54413.31,21.364622116088867,0.21851837635040283
54415.32,20.916275024414062,0.0971827358007431
54416.31,21.160757064819336,0.10133084654808044
54417.31,21.01241111755371,0.08698534220457077
54418.31,20.898269653320312,0.10797802358865738
54421.32,20.99427604675293,0.12959621846675873
54422.32,21.030271530151367,0.12944217026233673
54423.29,20.93851661682129,0.16466662287712097
54424.25,20.90546417236328,0.16390550136566162
54433.32,20.813140869140625,0.30828166007995605
