mjd,mag,magerr
51818.35,19.949256896972656,0.047325946390628815
52173.32,20.227514266967773,0.07624495029449463
52207.37,20.025074005126953,0.05005697160959244
52224.3,20.102277755737305,0.047578368335962296
52225.26,20.231887817382812,0.05231020227074623
52231.28,20.16181755065918,0.04995690658688545
52234.25,20.172590255737305,0.052360594272613525
52261.22,20.14934730529785,0.054226893931627274
52282.15,20.226993560791016,0.06483278423547745
52287.1,20.18503189086914,0.04908953607082367
52288.1,20.30200958251953,0.055943820625543594
52522.4,20.24478530883789,0.049581341445446014
52551.37,20.235044479370117,0.051355838775634766
52552.42,20.166397094726562,0.059679917991161346
52557.39,20.155099868774414,0.06023309752345085
52558.4,20.219343185424805,0.04619168862700462
52576.24,20.213359832763672,0.049544237554073334
52577.29,20.262643814086914,0.04774871841073036
52585.24,20.25148582458496,0.047137584537267685
52908.36,20.250577926635742,0.06089404970407486
52910.37,20.24602508544922,0.055998943746089935
52912.34,20.122600555419922,0.060400839895009995
52934.3,20.203598022460938,0.06537649780511856
52935.3,20.389446258544922,0.05841081961989403
52936.29,20.239511489868164,0.04972316324710846
52963.22,20.349576950073242,0.05098902806639671
53270.36,19.99121856689453,0.0552266389131546
53286.37,19.985925674438477,0.055918946862220764
53288.33,20.018796920776367,0.0445442795753479
53296.33,19.96718978881836,0.0677361935377121
53298.38,19.928640365600586,0.05396410450339317
53302.33,19.80884552001953,0.07353505492210388
53312.28,20.036165237426758,0.08675765991210938
53314.29,19.99277687072754,0.06689327955245972
53351.15,20.09665298461914,0.05521409213542938
53622.4,20.095407485961914,0.04832582175731659
53628.35,19.816844940185547,0.07312402129173279
53637.35,19.82530975341797,0.07194460183382034
53638.39,19.933000564575195,0.05467592179775238
53639.4,19.82666015625,0.04701447859406471
53640.36,19.975908279418945,0.05383874103426933
53641.4,19.97464942932129,0.05354134738445282
53646.42,20.6611328125,0.06601384282112122
53655.33,19.956228256225586,0.04161026328802109
53663.34,19.90079689025879,0.08856352418661118
53664.36,20.33788299560547,0.11005675047636032
53665.42,19.780181884765625,0.07724570482969284
53668.33,19.866323471069336,0.06015458330512047
53669.31,19.969852447509766,0.041311364620923996
53669.42,20.04144287109375,0.09417684376239777
53671.4,20.022037506103516,0.07269720733165741
53673.3,19.987581253051758,0.04523228853940964
53674.3,20.03990936279297,0.06533484905958176
53675.3,19.834617614746094,0.048078782856464386
53676.39,19.91951560974121,0.04769076406955719
53677.32,19.924724578857422,0.046880535781383514
53680.31,19.91942024230957,0.048521626740694046
53681.35,20.02109146118164,0.04562489688396454
53693.31,19.962417602539062,0.1350165605545044
53697.31,20.10519027709961,0.059889357537031174
53698.31,20.445165634155273,0.07736703753471375
53704.29,19.907318115234375,0.058946192264556885
53975.38,19.89300537109375,0.044868819415569305
53989.39,19.880373001098633,0.09314955025911331
53993.39,19.571504592895508,0.05295122042298317
53994.4,19.965898513793945,0.049034930765628815
53995.43,19.46324920654297,0.04616326093673706
53996.39,19.415164947509766,0.04328467324376106
54000.36,19.878856658935547,0.05803230032324791
54007.41,19.928146362304688,0.052254773676395416
54008.35,19.890918731689453,0.045142099261283875
54009.34,19.940658569335938,0.0547403059899807
54011.4,19.961280822753906,0.04207899048924446
54012.33,20.06694221496582,0.08323130011558533
54020.34,19.99656867980957,0.07052255421876907
54024.42,20.29640769958496,0.07594742625951767
54025.4,19.61406707763672,0.06162639334797859
54028.41,20.084789276123047,0.04751233756542206
54029.33,19.92631721496582,0.0468088760972023
54030.33,19.979524612426758,0.039201077073812485
54031.32,19.967485427856445,0.04613332077860832
54035.41,20.117938995361328,0.06903034448623657
54036.32,19.912538528442383,0.0685107633471489
54037.31,19.929607391357422,0.03984297066926956
54039.32,19.80223846435547,0.047205183655023575
54040.33,19.900039672851562,0.06251902133226395
54041.29,19.911760330200195,0.07998011261224747
54047.36,19.693531036376953,0.18974797427654266
54049.35,19.906204223632812,0.0936480164527893
54052.32,19.91680908203125,0.07760749012231827
54053.32,19.854854583740234,0.045709095895290375
54056.32,20.24717903137207,0.06971718370914459
54058.32,19.8126163482666,0.05469579994678497
54059.31,19.869632720947266,0.07593809068202972
54061.33,19.897899627685547,0.07487662881612778
54062.32,19.955270767211914,0.05000162124633789
54063.31,19.839815139770508,0.04658908769488335
54068.3,19.937349319458008,0.07918579876422882
54346.4,19.979867935180664,0.07653390616178513
54348.4,19.985858917236328,0.06038229539990425
54357.36,19.945117950439453,0.04870663955807686
54359.39,19.959501266479492,0.05651559308171272
54365.39,19.92829132080078,0.046319637447595596
54376.4,20.13506317138672,0.04917231947183609
54381.41,19.933509826660156,0.061658602207899094
54382.39,20.132741928100586,0.0836951956152916
54384.41,19.885534286499023,0.05377348139882088
54385.41,19.865840911865234,0.04389135167002678
54386.4,20.008440017700195,0.05644401162862778
54387.41,20.042861938476562,0.08376120030879974
54391.41,20.20682144165039,0.0989861860871315
54392.4,19.82627296447754,0.058401718735694885
54393.41,19.894336700439453,0.05308689549565315
54394.39,19.884077072143555,0.06495034694671631
54396.27,19.970155715942383,0.18797381222248077
54396.41,20.208816528320312,0.11828295886516571
54402.4,19.809709548950195,0.13253356516361237
54403.32,19.953941345214844,0.2243085503578186
54404.38,20.034151077270508,0.12378113716840744
54405.37,19.925615310668945,0.07326158881187439
54406.31,19.968204498291016,0.04844523221254349
54411.27,19.953231811523438,0.042035870254039764
54412.34,20.027820587158203,0.06204305589199066
54413.31,19.957416534423828,0.06756468862295151
54415.32,19.930479049682617,0.04842851310968399
54417.31,19.974246978759766,0.0413612425327301
54418.31,19.780227661132812,0.0489032045006752
54421.32,19.97559928894043,0.06133754551410675
54422.32,19.877613067626953,0.05348114296793938
54423.29,19.999088287353516,0.07663005590438843
54424.25,20.030292510986328,0.07793845236301422
