mjd,mag,magerr
51818.35,21.7384033203125,0.17499148845672607
52170.4,22.068408966064453,0.19365914165973663
52173.31,23.174163818359375,0.7604305744171143
52196.4,22.05137062072754,0.257852703332901
52207.36,22.012588500976562,0.22586728632450104
52224.29,21.89193344116211,0.1757015436887741
52225.26,21.968673706054688,0.22162266075611115
52231.28,21.661380767822266,0.14966802299022675
52234.25,22.189687728881836,0.2173362821340561
52261.21,21.85688591003418,0.20360617339611053
52282.14,21.7783203125,0.22055977582931519
52287.09,22.189929962158203,0.2504837214946747
52288.09,21.678956985473633,0.15640005469322205
52522.39,22.035032272338867,0.21236082911491394
52551.36,22.034732818603516,0.24866168200969696
52552.41,22.343002319335938,0.3370373845100403
52557.39,22.283370971679688,0.28429898619651794
52558.4,22.256946563720703,0.24269653856754303
52576.23,22.774450302124023,0.41742604970932007
52577.28,22.445415496826172,0.3134789764881134
52585.23,22.081144332885742,0.22958451509475708
52908.36,23.131174087524414,0.543854296207428
52910.37,21.72246742248535,0.1807730495929718
52912.34,22.662778854370117,0.4351416528224945
52934.29,21.903886795043945,0.2425256371498108
52935.3,22.004894256591797,0.24343405663967133
52936.29,21.9118595123291,0.16374191641807556
52963.22,22.020891189575195,0.16280876100063324
52971.21,22.284748077392578,0.29252251982688904
53270.35,22.58991241455078,0.3878859579563141
53286.37,22.116531372070312,0.2984796166419983
53288.33,22.5926570892334,0.3236224949359894
53294.38,22.20294761657715,0.3227907419204712
53298.37,21.827957153320312,0.23413291573524475
53302.32,21.512117385864258,0.30253738164901733
53312.28,22.19674301147461,0.509572446346283
53314.28,22.27366065979004,0.31382474303245544
53351.14,22.038616180419922,0.22738058865070343
53622.4,22.40938377380371,0.3397524952888489
53628.35,22.501453399658203,0.7024029493331909
53635.35,21.580791473388672,0.25595977902412415
53638.39,22.446557998657227,0.4420969784259796
53639.39,22.062145233154297,0.2445560097694397
53640.35,22.026227951049805,0.22496618330478668
53641.39,22.069541931152344,0.262474000453949
53646.41,22.676429748535156,0.4089744985103607
53655.33,21.69232749938965,0.2064298838376999
53663.34,22.63978385925293,0.8318815231323242
53665.42,22.210386276245117,0.6652005314826965
53666.41,21.38616180419922,0.28764957189559937
53668.33,22.32651138305664,0.47749218344688416
53669.31,21.979970932006836,0.21198846399784088
53669.41,22.14569854736328,0.5494930148124695
53671.39,21.55845069885254,0.27814438939094543
53673.3,22.046031951904297,0.20089563727378845
53674.29,22.854360580444336,0.7345644235610962
53675.3,22.381975173950195,0.3072282671928406
53676.38,22.234699249267578,0.3655029237270355
53677.32,22.862375259399414,0.3953174650669098
53680.3,22.09638786315918,0.22044894099235535
53681.35,22.439056396484375,0.31884148716926575
53685.31,21.991657257080078,0.3269842565059662
53693.3,21.240455627441406,0.3077937066555023
53697.3,22.09270477294922,0.3344361186027527
53698.3,21.714557647705078,0.2030872106552124
53704.29,22.084735870361328,0.3453831970691681
53705.29,22.897605895996094,0.6142508387565613
53975.37,21.87192153930664,0.21945978701114655
53989.38,21.37153434753418,0.30482518672943115
53994.4,23.080181121826172,0.6645914912223816
53995.42,21.468830108642578,0.1933940052986145
53996.38,22.472122192382812,0.6812474131584167
54000.36,22.157901763916016,0.3535372018814087
54007.41,22.24928855895996,0.3556494116783142
54008.34,21.88053321838379,0.23488838970661163
54009.33,22.231857299804688,0.25858446955680847
54010.34,21.93172264099121,0.19102588295936584
54011.4,21.872697830200195,0.15876324474811554
54012.33,22.14392852783203,0.5648000240325928
54020.33,22.16409683227539,0.49682584404945374
54025.4,21.754261016845703,0.3432236611843109
54028.4,22.479825973510742,0.524472713470459
54029.33,21.69940757751465,0.20350921154022217
54030.33,22.094858169555664,0.22152915596961975
54031.31,22.02155303955078,0.18469634652137756
54035.4,21.52989387512207,0.3277570307254791
54036.32,22.07039451599121,0.3261997103691101
54037.31,21.874217987060547,0.19563345611095428
54039.32,21.707286834716797,0.21992085874080658
54040.32,21.95667839050293,0.3933815360069275
54048.31,21.925851821899414,0.3722788989543915
54052.32,22.796689987182617,0.9328336715698242
54053.31,22.08411979675293,0.2901011109352112
54055.31,22.076847076416016,0.35564178228378296
54056.32,21.982566833496094,0.3385135531425476
54058.31,22.056446075439453,0.33623430132865906
54059.31,22.440658569335938,0.5347251296043396
54060.33,22.190887451171875,0.3955702483654022
54061.32,22.033071517944336,0.5632837414741516
54062.32,22.306055068969727,0.32191336154937744
54063.3,21.73833656311035,0.20216608047485352
54348.4,21.44375228881836,0.1770143061876297
54357.35,21.996686935424805,0.19751664996147156
54359.38,23.071626663208008,0.8294165134429932
54362.4,22.145627975463867,0.24781730771064758
54365.38,21.87792205810547,0.2108970433473587
54376.4,21.67751121520996,0.20265737175941467
54382.38,22.2589168548584,0.43071427941322327
54384.41,21.852703094482422,0.25266388058662415
54385.4,22.720426559448242,0.46325743198394775
54386.4,22.28655433654785,0.38472121953964233
54391.4,22.65322494506836,0.9762753248214722
54392.4,21.737049102783203,0.29559317231178284
54393.4,21.891780853271484,0.21445825695991516
54394.38,21.27547264099121,0.210752472281456
54402.39,20.70848274230957,0.27637118101119995
54403.31,22.24163246154785,0.9655880928039551
54404.37,21.330970764160156,0.270109087228775
54405.37,21.772754669189453,0.4402543604373932
54406.31,21.53432273864746,0.1717979609966278
54411.27,21.63132095336914,0.1600615531206131
54412.33,22.002849578857422,0.34465542435646057
54413.31,21.977216720581055,0.3503822088241577
54415.32,21.949373245239258,0.22134564816951752
54416.31,21.93004608154297,0.228004589676857
54417.31,22.018054962158203,0.21661138534545898
54418.31,22.01738739013672,0.31915482878685
54421.31,21.962610244750977,0.30997413396835327
54422.31,21.52520179748535,0.23781366646289825
54423.29,21.77958869934082,0.3425801992416382
