mjd,mag,magerr
51818.34,21.51119613647461,0.1477939337491989
52170.4,21.536439895629883,0.1259671449661255
52196.39,21.400897979736328,0.12886810302734375
52207.36,21.330810546875,0.12624689936637878
52224.29,21.292585372924805,0.1030125766992569
52225.26,21.50031280517578,0.14115729928016663
52231.28,21.625669479370117,0.1415637880563736
52234.25,21.68996238708496,0.154222771525383
52261.21,21.683670043945312,0.18837858736515045
52282.14,21.504554748535156,0.17820340394973755
52287.09,21.62673568725586,0.15086378157138824
52288.09,21.686887741088867,0.16649308800697327
52522.39,21.487789154052734,0.13908876478672028
52551.36,21.972713470458984,0.24366600811481476
52552.41,21.483755111694336,0.15595611929893494
52557.38,21.440696716308594,0.15488475561141968
52558.4,21.582677841186523,0.1371544897556305
52576.23,21.491939544677734,0.1258121281862259
52577.28,21.225770950317383,0.1151309534907341
52585.23,21.61682891845703,0.15061353147029877
52908.36,21.448259353637695,0.14506042003631592
52910.37,21.690757751464844,0.19851450622081757
52934.29,21.56717872619629,0.17659473419189453
52935.29,21.71148109436035,0.19735419750213623
52936.29,21.67243766784668,0.1413319855928421
52963.22,21.487655639648438,0.10994765907526016
52971.21,21.609010696411133,0.16455669701099396
53270.35,21.428653717041016,0.14943553507328033
53286.37,21.27473258972168,0.1453227698802948
53288.33,21.293476104736328,0.11357727646827698
53294.37,21.304080963134766,0.15330742299556732
53298.37,21.737581253051758,0.1860741674900055
53302.32,21.968944549560547,0.4655815362930298
53312.28,21.68165397644043,0.41221627593040466
53314.28,21.500513076782227,0.16852310299873352
53351.14,21.940196990966797,0.19512799382209778
53628.34,20.833541870117188,0.16254782676696777
53635.35,22.248735427856445,0.4301601052284241
53637.35,21.487165451049805,0.23633337020874023
53638.39,21.622201919555664,0.21701745688915253
53639.39,21.554903030395508,0.151630699634552
53640.35,22.182798385620117,0.2656969726085663
53641.39,21.665618896484375,0.1854943335056305
53646.41,21.94717025756836,0.21322083473205566
53655.32,21.44371223449707,0.16911421716213226
53663.33,21.31241226196289,0.2639675736427307
53664.35,22.311708450317383,0.7586454153060913
53665.41,21.7153263092041,0.42990928888320923
53666.4,21.23611068725586,0.2605867087841034
53668.32,21.46459197998047,0.24462547898292542
53669.31,21.450851440429688,0.13092771172523499
53669.41,21.26995086669922,0.282521516084671
53671.39,21.628948211669922,0.28323182463645935
53673.3,21.421154022216797,0.12786079943180084
53674.29,21.089130401611328,0.15843038260936737
53675.29,21.674091339111328,0.16837923228740692
53676.38,21.261247634887695,0.20392873883247375
53677.31,21.635282516479492,0.14084501564502716
53680.3,21.32088851928711,0.11972051113843918
53681.34,21.56072425842285,0.1492307335138321
53685.3,23.044309616088867,0.7600897550582886
53693.3,21.784067153930664,0.5467843413352966
53697.3,21.591394424438477,0.20105281472206116
53698.3,21.453548431396484,0.16324487328529358
53705.29,21.657804489135742,0.20137564837932587
53975.37,21.324508666992188,0.14411279559135437
53989.38,21.423131942749023,0.36280307173728943
53990.39,21.88595199584961,0.5095155835151672
53993.38,21.329452514648438,0.2967206835746765
53994.4,21.343074798583984,0.182946115732193
53995.42,21.133712768554688,0.14151687920093536
53996.38,21.028926849365234,0.19415709376335144
54000.36,21.668420791625977,0.19718196988105774
54007.41,21.830711364746094,0.2858956456184387
54008.34,21.290176391601562,0.1494329422712326
54009.33,21.361482620239258,0.13573181629180908
54010.33,22.09197998046875,0.21577365696430206
54011.4,21.594532012939453,0.13501684367656708
54012.33,21.46148681640625,0.29921239614486694
54020.33,21.56397819519043,0.28740954399108887
54024.41,21.83442497253418,0.34889259934425354
54025.4,21.26559066772461,0.23536856472492218
54028.4,21.441808700561523,0.2277410626411438
54029.33,21.554981231689453,0.17815984785556793
54030.33,21.48821449279785,0.1376170665025711
54031.31,21.481239318847656,0.12917862832546234
54035.4,21.454387664794922,0.3473513126373291
54036.32,21.518306732177734,0.22209210693836212
54037.31,21.704387664794922,0.14955830574035645
54039.32,21.47658920288086,0.20221126079559326
54040.32,21.315927505493164,0.24554136395454407
54041.29,21.41100311279297,0.26053720712661743
54048.31,22.270994186401367,0.5173527002334595
54053.31,21.44472885131836,0.17451347410678864
54055.31,21.666532516479492,0.22409778833389282
54056.31,21.851964950561523,0.28693687915802
54058.31,21.179109573364258,0.15325115621089935
54059.31,21.114643096923828,0.1716366559267044
54060.33,21.78721046447754,0.3472746014595032
54061.32,22.330873489379883,0.627225935459137
54062.31,21.452028274536133,0.15926960110664368
54063.3,21.21426010131836,0.13164955377578735
54068.29,22.254287719726562,0.7411130666732788
54348.39,21.295034408569336,0.18285182118415833
54357.35,21.359867095947266,0.13803260028362274
54359.38,21.52878189086914,0.19988472759723663
54362.4,21.413414001464844,0.1346377283334732
54376.4,21.623865127563477,0.23026640713214874
54381.4,21.377426147460938,0.19716715812683105
54382.38,21.457624435424805,0.2386261522769928
54384.41,21.362659454345703,0.15543398261070251
54385.4,21.427642822265625,0.14522601664066315
54386.39,21.550752639770508,0.18254020810127258
54387.4,21.22500228881836,0.2507615387439728
54392.4,21.525463104248047,0.2881617546081543
54393.4,21.429141998291016,0.16935847699642181
54394.38,21.170860290527344,0.20625720918178558
54396.26,20.4887638092041,0.2913174629211426
54402.39,21.163633346557617,0.4081169664859772
54404.37,21.227659225463867,0.28723418712615967
54406.31,21.525894165039062,0.16054746508598328
54411.26,21.621517181396484,0.15280385315418243
54412.33,21.55316734313965,0.2223169505596161
54413.31,21.247236251831055,0.19360807538032532
54415.32,21.73601722717285,0.1643458902835846
54417.31,21.507911682128906,0.1566738486289978
54418.31,21.135986328125,0.15895408391952515
54421.31,21.21179962158203,0.18423549830913544
54422.31,21.861906051635742,0.2939298152923584
54423.29,21.718677520751953,0.316641241312027
54424.25,21.62874984741211,0.3461172878742218
54433.31,21.541114807128906,0.4901333451271057
